103.802213|36.056691
103.734242|36.060388
103.757211|36.08719
103.823732|36.067836
103.832362|36.040104
102.857737|36.347845
103.884547|36.067821
103.794446|36.066985
103.847142|36.05806
103.739749|36.10397
103.735135|36.096406
103.729748|36.099602
103.881549|36.055761
103.896471|36.064084
103.965589|36.004331
103.744192|36.099121
103.857392|36.035208
103.856074|36.04775
103.878073|36.054794
103.828022|36.041272
103.843551|36.056742
103.879402|36.070416
103.740948|36.057981
103.852891|36.040676
104.050389|35.945296
103.868526|36.073009
103.732101|36.106266
103.782672|36.068609
103.851952|36.038587
103.635251|36.083967
103.618274|36.101623
103.831075|36.036555
103.828282|36.066307
103.823333|36.067296
103.956451|35.997068
103.776388|36.067745
103.831226|36.069922
103.751366|36.096622
103.836254|36.048298
103.872489|36.045679
103.820318|36.054129
104.159411|35.932945
103.923854|36.040756
103.846473|36.044768
103.842143|36.06231
103.779475|36.070763
103.827503|36.045424
103.836465|36.0606
103.772251|36.067299
103.832243|36.061378
103.742149|36.066963
103.860793|36.048796
104.157964|35.936478
103.744863|36.106293
103.964887|36.0065
103.817943|36.059014
103.737495|36.055699
103.967485|36.001975
103.754375|36.071917
103.827253|36.038923
103.830806|36.047428
103.865041|36.071824
103.874786|36.040512
103.724441|36.100528
103.70822|36.076322
103.745364|36.086689
103.729238|36.102403
103.877152|36.026959
103.849288|36.044413
103.699311|36.094012
103.851424|36.055032
103.80967|36.055718
103.90224|36.050019
103.841993|36.054739
103.856164|36.031589
103.846014|36.04828
103.869104|36.056195
103.817085|36.060656
103.696079|36.094736
103.872039|36.031316
103.73296|36.057056
103.945383|36.022991
103.864292|36.068264
103.840954|36.032606
103.861137|36.063868
104.159791|35.937285
103.922272|36.043276
103.834369|36.054703
103.767164|36.066832
103.739348|36.074274
103.876413|36.033572
103.74094|36.095149
103.845765|36.061793
103.952531|36.026066
103.80967|36.06249
103.839739|36.052621
103.722778|36.105697
103.836274|36.050068
103.847452|36.054088
103.965418|35.996539
103.845635|36.038859
103.704682|36.076967
103.849027|36.032421
103.824579|36.054851
104.15483|35.936954
103.851437|36.068172
103.958838|35.997584
103.726542|36.051549
103.820327|36.041616
103.877573|36.054835
103.871251|36.049911
103.698058|36.090819
104.156936|35.93743
103.831695|36.076622
103.846923|36.067352
103.960212|36.000377
103.788005|36.057061
103.857594|36.076996
103.836913|36.045016
103.768363|36.069231
103.763744|36.055971
103.813552|36.060413
103.961527|36.015514
103.832742|36.046404
103.922446|36.036815
103.786527|36.066015
103.959148|35.995724
103.849617|36.051604
103.861795|36.057706
103.736454|36.058649
103.847751|36.046137
103.836315|36.066912
103.838718|36.034501
103.855257|36.060587
103.873016|36.071624
103.72502|36.075613
103.87597|35.945478
103.769203|36.073682
103.865398|36.036726
103.883587|36.041366
103.724651|36.102258
103.839099|36.062596
103.866763|36.063292
103.834239|36.079483
103.823282|36.047772
103.851475|36.071545
103.878392|36.044032
103.838879|36.058725
103.827163|36.038873
103.832493|36.055777
103.877883|36.061406
103.864601|36.062313
103.729228|36.109204
103.786946|36.054152
103.734073|36.098075
103.826456|36.072441
103.834878|36.070655
103.861055|36.032511
103.841413|36.038276
103.873588|36.061951
103.767913|36.075833
103.812275|36.066206
103.733713|36.102066
103.868555|36.060987
103.829389|36.051141
103.834579|36.073957
103.769242|36.06565
103.817983|36.056904
103.817505|36.062776
103.875346|36.051916
103.826804|36.048656
103.748847|36.051106
103.793645|36.072347
103.811737|36.091932
103.85946|36.069232
103.838989|36.055374
103.963222|36.008956
103.961576|36.003731
103.855445|36.034091
103.869093|36.039502
103.738126|36.071382
103.821027|36.056728
103.856794|36.054093
103.795285|36.063373
103.853639|36.035714
103.730583|36.052654
103.736884|36.058699
103.846492|36.030845
103.840226|36.039419
103.840407|36.066601
103.826874|36.053067
103.872918|36.043518
103.839338|36.043641
103.863951|36.034088
103.96878|36.00724
103.872|36.064623
103.798714|36.065518
103.888643|36.047094
103.826578|36.053106
103.81923|36.050811
103.736243|36.040645
103.728106|36.105972
103.697737|36.092529
103.802423|36.063712
103.791351|36.066149
103.771114|36.062856
103.763744|36.062072
103.8097|36.066
103.853729|36.043646
103.822836|36.116587
103.859489|36.055109
103.877985|36.097443
103.910402|36.038428
103.764294|36.050529
103.826905|36.062629
103.723479|36.103427
103.825766|36.042687
103.790022|36.06366
103.917107|36.044092
103.822753|36.052794
103.859949|36.0655
103.872489|36.057361
103.848948|36.035852
103.966973|35.999794
103.832772|36.051025
103.779565|36.064342
