103.654145|36.540032
103.658913|36.118087
103.761385|36.053081
103.394928|36.535519
102.854601|36.339577
103.838251|36.056906
102.871478|36.421916
103.839857|36.271162
103.713044|36.093204
103.715827|36.11402
104.120951|35.849976
103.678002|36.098669
103.683482|36.107206
103.694119|36.100974
103.314947|36.687094
103.835247|36.057832
103.610075|36.109269
103.811447|36.060346
102.959343|36.292276
103.675179|36.075724
103.836465|36.053893
103.848521|36.088534
103.654941|36.620236
103.448513|36.178177
103.796127|36.049533
104.158661|35.912311
103.661829|36.591223
103.199954|36.805921
103.757123|36.018095
103.691335|36.100499
103.94598|36.350943
103.383889|36.151038
103.17718|36.189622
102.891953|36.517396
103.802503|36.061422
103.824567|36.004421
103.800551|36.05114
102.806119|36.608063
103.385744|36.503158
103.605027|36.104486
103.679961|36.079034
103.698598|36.071066
103.65509|36.610938
103.933068|36.037585
103.811197|36.066208
103.919019|36.043223
103.771899|36.523832
102.858576|36.338891
103.808096|36.0348
103.625787|36.148039
103.376109|36.560496
103.655305|36.301949
103.810687|36.050777
103.839426|36.019486
102.849468|36.337175
103.423765|36.671478
103.887485|36.07141
103.604781|36.097835
103.686289|36.110272
103.864311|36.04677
103.714995|36.096196
103.592775|36.122003
103.617023|36.113634
103.767674|36.074751
103.596429|36.125631
102.879927|36.343255
103.778732|35.996178
103.677204|36.084269
103.896221|36.064344
103.912654|36.056342
103.627228|36.101961
103.855162|36.049205
103.890402|36.040831
103.654688|36.133128
103.395003|36.432983
103.980369|35.986776
102.855626|36.483501
103.649596|36.098529
103.802283|36.048889
103.680333|36.087826
103.724545|36.519848
103.846015|36.060783
103.649242|36.076666
103.837949|36.043184
103.642715|36.482166
103.703802|36.108502
102.860194|36.349252
104.154582|35.788271
103.872919|36.062141
103.718757|36.112298
103.654961|36.630752
103.87153|36.042959
103.875977|36.092345
103.820378|36.055079
103.860978|36.079832
103.616692|36.108123
103.705145|36.115976
102.859988|36.450923
103.65635|36.0836
103.682926|36.084361
103.668113|36.580292
103.848511|36.079392
103.403415|36.327538
103.425815|36.298809
102.870304|36.345637
103.404331|36.432515
103.765304|36.068453
103.990872|36.014725
103.626176|36.109071
103.649843|36.531175
103.79578|36.045457
103.499624|36.141446
103.825347|36.252008
103.800556|36.051143
103.944315|36.339797
103.645286|36.095397
103.634416|36.6259
103.658977|36.094607
104.156667|35.943052
103.423756|36.267552
103.875976|36.086383
103.888303|36.046284
103.629051|36.099663
103.69974|36.291459
103.955845|36.325057
103.412141|36.136629
103.956643|36.031886
103.714341|36.103263
103.907441|36.063472
103.844897|36.050712
102.865621|36.405094
102.875279|36.413006
104.20098|35.907603
103.828602|36.0821
103.750844|36.065385
103.618761|36.483782
103.85966|36.079644
103.745528|36.205735
102.870503|36.343606
103.837702|36.055797
103.721673|36.487887
103.69696|36.608737
103.621121|36.099548
103.855767|36.088312
103.82901|36.058594
103.661958|36.124082
103.401941|36.471351
103.624273|36.103318
103.662034|36.083251
103.826852|35.997805
103.827087|36.054942
102.854291|36.344445
104.296405|35.760856
103.331474|36.641348
103.87933|36.033148
103.89435|36.033978
103.828542|36.053573
103.841583|36.051899
103.811255|36.023439
104.085896|35.830493
103.258318|36.727945
102.859795|36.346932
103.637087|36.126728
103.694197|36.057375
103.281237|36.167905
103.923573|36.251873
103.618102|36.507278
103.951288|36.020512
104.023956|35.984755
103.829938|36.058702
103.672843|36.088812
103.638148|36.101434
103.214728|36.80697
103.709086|36.531103
103.818023|36.060285
103.207668|36.189749
102.876793|36.436683
103.73385|36.036002
104.029762|35.882916
102.865188|36.347771
103.871531|36.061303
104.193262|35.880298
103.82417|36.059393
103.867526|36.048446
103.787216|36.068935
103.268|36.7293
103.93655|36.166528
103.709153|36.104779
103.831339|36.058553
103.265792|36.168803
102.862711|36.338605
103.927448|36.350915
103.875745|36.043394
103.846666|35.902595
103.676594|36.113434
103.808922|36.088487
104.017883|35.988608
103.393089|36.411884
103.22666|36.790436
103.693216|36.513101
103.638626|36.136119
103.850918|35.915441
103.872918|36.043798
103.849338|36.281828
103.677685|36.071148
103.472557|36.175131
103.733102|36.092914
103.147194|36.197868
102.971239|36.303119
103.645609|36.520363
103.987746|36.172488
103.017008|36.263862
103.949829|36.339937
103.872369|36.045739
103.820653|36.054215
103.687824|36.118877
103.89449|36.04069
103.875976|36.084003
103.590967|36.086364
103.64416|36.08512
103.871959|36.043767
103.728073|36.050101
103.861326|36.057356
103.776418|36.070066
103.376204|36.46254
102.983721|36.282867
103.810829|36.090124
103.876953|36.042323
103.611882|36.456131
103.729738|36.099512
103.919289|36.054335
103.710143|36.05358
103.904622|36.081806
103.860158|36.043535
103.828002|36.054715
103.604241|36.107457
103.8718|36.045459
103.653581|36.123694
102.99947|36.271111
103.952215|36.334144
103.254073|36.734897
103.601441|36.432987
103.688506|36.502708
103.672462|36.078999
104.34543|36.258715
103.599356|36.422026
103.323447|36.155018
103.358297|36.129036
103.652809|36.488375
103.769712|36.06726
103.632437|36.099496
103.590966|36.072871
103.758344|36.052802
103.822806|36.056483
103.430188|36.208792
104.188478|35.840985
103.782771|36.065559
103.780454|36.071453
103.852461|36.039367
103.597361|36.412561
103.755116|36.260571
103.82855|36.043592
103.819578|36.248074
103.943323|36.343975
103.775068|36.055624
104.009811|35.952776
103.762704|36.05117
103.850655|36.068587
103.286944|36.70277
103.272336|36.720647
103.850485|36.042371
103.94206|36.348626
103.629671|36.093772
103.849199|36.069909
103.203493|36.181334
103.737968|36.103339
103.870139|36.033517
103.746023|36.264942
104.233191|36.341992
103.753866|36.092451
103.828654|36.044182
103.822745|36.054032
103.713392|36.117578
103.916647|36.050493
103.777537|36.073396
103.257318|36.740652
103.793567|36.06383
103.729387|36.055796
102.852664|36.348324
103.432967|36.268593
103.769246|36.132785
103.790388|36.40282
102.871963|36.349746
103.395434|36.456863
103.366801|36.603447
102.833744|36.587541
103.713109|36.055195
103.866248|36.048187
103.832992|36.061087
103.203563|36.177892
104.007271|35.963031
103.687733|36.118876
103.778136|36.070295
103.843519|36.050505
104.111556|35.854083
103.311366|36.683105
103.403838|36.392269
103.716708|36.117742
103.847122|36.042997
102.875837|36.503993
103.221396|36.170937
103.642068|36.122065
103.8167|36.058795
103.834368|36.04441
104.210647|35.938026
103.708141|36.108619
103.243187|36.742664
103.616153|36.126006
103.82883|36.044421
103.042966|36.238577
103.675098|36.503473
104.137783|35.854188
104.061783|35.797993
103.923218|36.354123
103.638365|36.470164
103.698654|36.09863
103.188543|36.876399
103.636244|36.096551
103.680918|36.10319
104.169637|35.861147
103.855278|36.079541
103.914185|36.052242
103.662215|36.08226
103.693917|36.500957
104.260395|36.346389
103.836791|35.991985
103.790911|36.064786
103.763574|36.048019
103.353036|36.617934
103.610113|36.505473
103.638725|36.465462
103.600779|36.103036
103.957001|35.994269
104.010714|36.159074
103.727213|36.059882
103.79688|36.0713
103.882468|36.040857
103.884636|36.040795
104.16587|35.797531
103.708716|36.591947
104.045795|35.939849
103.820237|36.015771
103.851004|36.047721
103.624693|36.087435
103.748762|36.047361
103.739751|36.103966
103.857223|36.049061
103.830497|36.05387
103.896573|36.111554
103.242292|36.165741
103.771531|36.06879
103.650304|36.639221
103.869035|36.045261
103.697364|36.106175
103.438293|36.240004
102.878308|36.343057
103.89817|36.058002
103.180426|36.887962
103.765943|36.05568
103.800156|36.043811
103.682339|36.093791
103.917056|36.043522
103.852024|36.307551
103.400051|36.493251
102.864648|36.407347
104.161052|35.831584
103.767062|36.029144
103.630949|36.133752
102.861389|36.488244
103.737976|36.071582
103.662552|36.599733
102.886572|36.500392
103.663039|36.557314
103.824051|36.058713
104.125207|35.828465
103.869423|36.045672
103.717033|36.092781
103.697178|36.091135
103.720874|36.0827
103.295964|36.673684
103.640601|36.497329
103.757256|36.09063
103.511446|36.148272
103.874582|36.044526
103.622891|36.101067
103.715826|36.093666
103.738194|36.271814
103.803403|36.097308
103.637926|36.061916
103.778356|36.072005
103.841304|36.042187
103.851692|36.036628
103.689569|36.132283
103.844418|36.052084
102.86646|36.421489
103.203941|36.853577
103.192424|36.82805
104.044589|36.03788
103.852432|36.287054
103.898267|36.038315
103.686125|36.66506
103.836344|36.265247
103.720672|36.053334
103.815538|36.060589
103.605783|36.114959
103.602627|36.113551
103.70349|36.499883
103.593207|36.098246
103.61415|36.123054
103.925857|36.0511
103.617563|36.094251
103.271674|36.691608
103.864072|36.043577
103.638447|36.296101
103.703871|36.089488
103.753995|36.060524
103.950439|36.321782
103.853411|36.295935
103.604271|36.110328
103.85406|36.069941
103.688171|36.479967
103.613799|36.099389
103.608727|36.449141
103.966922|35.98594
103.402018|36.357322
103.786425|36.015224
103.84334|36.042944
103.807476|36.100982
103.596163|36.25374
103.844916|36.051893
103.841304|36.042457
103.812234|36.047692
104.101287|35.855715
103.783081|36.065608
103.321394|36.656227
103.78528|36.065233
102.873855|36.455043
104.110739|35.888252
102.917184|36.313799
103.425801|36.286122
103.6334|36.129584
103.60204|36.104096
103.850661|36.205606
103.909453|36.074095
103.595292|36.172045
103.08469|36.231111
103.822214|36.17865
103.8816|36.068646
103.729942|36.110282
103.854897|36.047984
103.852407|36.103832
103.649289|36.455485
103.830261|36.137288
103.740327|36.103691
103.706905|36.112297
103.837277|36.051153
103.522517|36.151806
103.762353|36.523972
103.971391|36.277468
102.869794|36.340685
103.700585|36.113998
103.819131|36.052501
103.818841|36.04395
103.828381|36.042572
103.598119|36.105485
104.19511|35.917335
103.653813|36.083506
102.94638|36.294999
103.830217|36.05081
103.673873|36.458331
103.941485|36.043659
103.166987|36.886106
