103.720635|36.100834
103.893187|36.061453
103.760045|36.055072
103.805848|36.094023
103.838242|36.091473
102.887169|36.436143
103.698347|36.475893
103.846275|36.071414
103.843419|36.031372
103.666767|36.08716
103.628921|36.104323
103.831396|36.079724
103.8718|36.061303
103.926318|36.04511
103.645793|36.128329
103.868414|36.043793
103.25788|36.737149
103.947551|36.330034
103.994772|36.150204
103.823443|36.05651
103.958617|36.003524
103.700654|36.100975
103.858192|36.062542
103.867906|36.057257
103.626548|36.121344
103.841245|36.076515
103.856554|36.052163
102.816264|36.605384
103.590166|36.310768
104.178784|35.952603
103.269051|36.716812
103.591134|36.36261
103.693115|36.495333
102.865248|36.340612
102.821146|36.602533
103.882288|36.046268
103.691883|36.108352
103.806807|36.091011
103.845984|36.043459
103.957514|36.000501
103.622862|36.134964
103.781064|36.073032
103.752574|36.050932
104.085575|35.815478
103.772051|36.078251
103.741771|36.106881
103.99386|35.986786
103.719436|36.075302
103.857004|36.065475
103.587334|36.234039
103.710686|36.093539
103.680724|36.094528
103.811197|36.051875
103.620299|36.091169
103.457185|36.166807
102.855011|36.340107
103.784459|36.060056
103.808383|36.058311
104.114165|35.843188
103.652623|36.128663
103.745592|36.077857
103.712189|36.089841
103.618862|36.483688
103.747483|36.066335
103.590834|36.205392
103.833263|36.098574
103.90529|36.041568
103.915836|36.046682
104.290799|35.719881
103.768542|36.05976
103.740738|36.062362
103.914014|36.039399
103.812318|36.213287
103.848619|36.040744
103.871021|36.047221
103.739947|36.05668
103.737718|36.10778
103.955008|36.022741
103.89513|36.038799
104.12204|35.838471
103.890482|36.044602
103.869153|36.046643
103.687962|36.08624
103.263424|36.735171
103.876434|36.035872
103.828893|36.102813
103.862464|36.052554
104.164422|35.939867
103.846574|36.059681
103.73996|36.052197
103.867825|36.034862
103.686047|36.080405
103.643947|36.094583
103.749705|36.098872
103.709854|36.100219
103.911433|36.060133
102.8556|36.350609
103.860626|36.029182
103.225379|36.755944
103.715927|36.1105
103.902559|36.041788
103.66513|36.082547
103.73165|36.098134
103.829646|36.044128
103.751055|36.092361
103.887444|36.037342
103.604572|36.114909
103.608102|36.134981
103.740305|36.056456
104.055414|35.927769
103.743489|36.0477
103.89536|36.056192
103.747374|36.082328
103.867277|36.06793
103.678075|36.478568
103.864431|36.050301
103.884666|36.054378
103.264847|36.714907
104.126157|35.854002
103.897551|36.066734
103.81931|36.044259
103.862635|36.080119
102.864639|36.347275
103.82925|36.034669
103.696064|36.11253
103.708871|36.080614
104.285388|35.68742
103.627894|36.498029
103.747372|36.057783
103.875416|36.057948
103.661192|36.523906
103.824703|36.046174
103.901912|36.046396
103.808593|36.095029
103.671258|36.11459
103.769182|36.053858
103.734774|36.092375
103.862973|36.049022
102.850127|36.346067
103.86451|36.046049
103.261502|36.733209
103.855007|36.059237
103.649423|36.09287
103.845716|36.055439
103.667176|36.48627
103.884786|36.060509
104.107598|35.856325
103.259679|36.734689
103.956833|36.026485
103.759845|36.057203
103.674726|36.47593
103.883327|36.052959
103.737115|36.072482
103.927368|36.036289
103.696443|36.079474
103.858191|36.043282
103.765175|36.081636
103.763745|36.067743
103.748813|36.051052
103.674557|36.083454
103.764825|36.077145
103.837703|36.087203
103.789463|36.06066
103.457512|36.166452
103.264586|36.737213
103.614147|36.507276
103.8801|36.051652
103.762709|35.966689
103.913023|36.04225
103.835838|36.106011
103.253332|36.733066
103.624134|36.094592
103.796673|36.05948
103.840935|36.04937
103.630113|36.099744
103.811197|36.072029
103.838924|36.050682
103.712117|36.485539
103.710385|36.09702
103.621859|36.094364
103.734728|36.085139
103.653842|36.086977
103.759786|36.079507
103.76309|36.073406
103.698149|36.104732
104.116134|35.851279
103.886814|36.028111
103.768102|36.047647
103.695692|36.084173
103.261322|36.737151
103.907041|36.05065
103.717339|36.10442
103.749565|36.094391
103.847727|36.03812
104.234561|35.877975
103.902279|36.038577
103.674308|36.120642
103.825707|36.05877
104.017249|35.947194
103.641816|36.108651
104.29372|35.78276
103.697003|36.091202
103.631805|36.090324
103.584769|36.342281
104.104078|35.864928
103.764044|36.058962
103.83026|36.09919
103.258839|36.750509
103.878162|36.053104
103.716938|36.098949
103.746402|36.059523
103.834558|36.037219
103.876066|36.075271
103.762256|36.089239
103.756547|36.082299
103.731409|36.075899
104.02919|35.950912
103.691922|36.077535
103.208715|36.824124
103.821087|36.071941
103.640172|36.082383
103.774512|36.073198
103.866786|36.032943
103.971481|36.052216
103.789312|36.232799
103.713029|36.068697
103.534754|36.123921
103.738187|36.089396
103.900939|36.031036
103.780034|36.0599
103.627638|36.089039
103.864852|36.087898
103.674727|36.494458
103.67586|36.106591
103.883476|36.027123
103.774129|36.051344
103.701035|36.083015
103.891303|36.080829
103.613495|36.477832
103.733634|36.06774
103.876124|36.049185
103.618546|36.129779
104.120413|35.847618
103.846673|36.059966
103.631935|36.093565
103.773919|36.060616
103.990106|35.994256
103.728325|36.087738
103.849807|36.049784
103.835249|36.09429
103.753047|36.053095
104.06631|35.913745
103.700614|36.086622
103.723175|36.052981
104.151766|35.943581
103.810518|36.058558
103.705375|36.098912
103.747372|36.055972
104.116214|35.848148
103.773099|36.07249
104.074722|36.032273
103.953187|36.323599
103.94813|36.022486
103.955027|36.014889
103.790461|36.056668
103.800876|36.060244
103.593809|36.38168
103.630102|36.085301
103.890834|36.087701
103.730419|36.100523
102.858786|36.343952
103.83364|36.042262
103.793658|36.495324
103.886246|36.073599
104.16063|35.945996
103.692525|36.099091
103.697435|36.119945
103.869204|36.070428
103.842422|36.069401
103.789123|36.051709
102.865095|36.492881
103.803927|36.058529
103.670507|36.10164
103.614259|36.094488
103.689729|36.126112
103.705335|36.095632
103.920841|36.064589
103.730459|36.094582
103.805988|36.086381
103.666981|36.094144
103.776968|36.076457
103.85874|36.100397
103.749463|36.050212
103.749083|36.054566
104.017651|35.95613
103.603372|36.151717
103.674678|36.52117
104.164272|35.931165
103.612207|36.097478
104.0111|36.039009
103.81433|36.058121
103.852061|36.029776
103.619236|36.116637
103.821607|36.076321
103.546823|36.11389
103.855755|36.03422
103.861938|36.062624
103.847122|36.059951
103.614297|36.491198
103.911554|36.069555
103.650364|36.495117
103.727909|36.278047
103.261291|36.729937
103.740039|36.097579
103.710266|36.105011
103.664875|36.119319
103.815529|36.079453
103.621321|36.109289
103.874466|36.029693
104.224329|35.896418
103.840667|36.081057
103.888834|36.069408
103.336005|36.148851
103.728866|36.084168
103.858191|36.043278
103.692934|36.485688
103.806815|36.049942
103.727804|36.109979
103.737337|36.103638
103.745153|36.101772
103.637947|36.085411
103.612278|36.10665
103.8999|36.062082
103.866518|36.057089
103.654161|36.660468
103.910051|36.033287
103.795234|36.054051
103.729146|36.071196
103.909816|36.055141
103.850445|36.046306
104.149217|35.88541
103.604365|36.442253
103.666395|36.115057
103.467072|36.162342
103.615721|36.096
103.873348|36.045578
103.760866|36.076336
103.827337|36.108021
103.787167|36.075886
103.792519|36.058936
103.99925|35.969598
103.65177|36.113318
103.788005|36.057064
103.794957|36.056321
103.766463|36.053459
103.898209|36.03831
104.106493|36.019163
103.759815|36.064254
103.667013|36.301571
103.77484|36.08472
103.677463|36.4796
104.155758|35.933441
103.680345|36.127254
103.898159|36.044199
103.237637|36.770384
103.68598|36.302188
103.640142|36.092955
103.755505|36.064105
103.870061|36.026108
103.862684|36.059795
103.850735|36.059834
103.624824|36.106419
103.623261|36.089244
103.698841|36.110074
103.807805|36.099201
103.685672|36.099753
104.118173|35.844736
103.89724|36.04766
103.824656|36.18734
103.737174|36.051178
103.73085|36.114807
103.952003|36.318855
103.627378|36.09828
103.858103|35.793119
103.743882|36.09578
103.692581|36.078161
103.81507|36.135272
103.877982|36.042432
103.80777|36.245102
103.836115|36.053059
103.723962|36.090323
103.956098|35.970662
103.660278|36.490059
103.775588|36.063955
103.751055|36.079548
103.89348|36.029147
103.692003|36.096419
103.819939|36.196332
103.609617|36.143396
103.742251|36.102311
104.258056|35.84556
103.800576|36.054343
103.733391|36.053966
103.86441|36.038808
103.786128|36.070606
103.758025|36.048321
103.637926|36.072898
103.890592|36.057385
104.098245|36.018085
104.157387|35.966216
103.565857|36.112203
103.692117|36.096351
103.616783|36.109403
103.891222|36.049333
103.882437|36.038236
103.637928|36.104305
103.979466|35.981303
103.534355|36.123722
103.843908|36.045603
103.634471|36.10355
103.740027|36.052566
103.772941|36.07525
103.636442|36.494392
103.616581|36.136452
103.268331|36.72945
103.69981|36.48486
103.254183|36.724601
103.735854|36.077852
103.638028|36.097033
103.644412|36.089904
103.592851|36.194827
103.690971|36.113761
103.898449|36.034327
103.821651|36.16062
103.714292|36.10769
103.596258|36.289122
103.88312|36.098719
103.632366|36.076291
104.017735|36.034848
103.761164|36.040279
103.771569|36.014528
103.626116|36.100449
103.878493|36.064236
103.875147|36.083443
104.155594|35.984505
103.737968|36.099738
103.824102|36.083408
103.725493|36.108241
103.624433|36.103879
103.824559|36.041118
103.691473|36.116293
103.592677|36.098896
103.869045|36.064617
103.713821|36.07654
103.744952|36.079587
103.705475|36.103414
103.877364|36.068998
103.830078|36.055241
104.154012|35.946207
103.70361|36.072824
103.807292|36.221279
103.735114|36.097516
103.882578|36.062272
103.864321|36.053881
104.285707|35.74015
104.289803|35.79897
103.664001|36.543071
103.661484|36.109105
103.709223|36.085996
103.769244|36.092506
103.627208|36.095159
103.627262|36.300383
103.593261|36.179133
103.776747|36.056993
103.254313|36.73805
103.721917|36.107957
103.683061|36.115447
103.616842|36.098831
103.622059|36.103256
103.724369|36.072612
103.770431|36.056358
103.697836|36.479974
103.869994|36.076568
103.713803|36.105366
103.90371|36.057181
103.830213|36.173056
103.718752|36.108813
103.751306|36.087095
103.266277|36.725436
103.634796|36.092162
103.811198|36.092954
103.803051|36.050928
104.197982|35.898048
103.622049|36.097925
104.301748|35.774338
103.754164|36.055053
103.888873|36.041192
103.851883|36.063313
103.800685|36.051282
103.724992|36.11021
103.965067|36.0035
103.72422|36.094266
103.873728|36.069482
103.790718|36.069207
103.90162|36.054381
103.825025|36.060798
103.92089|36.041244
103.811197|36.057726
103.918177|36.034051
103.902371|36.066583
103.89723|36.05088
103.659336|36.501923
103.870072|36.052393
