103.758507|36.610495
103.815228|36.058776
103.82908|36.066775
103.891232|36.052674
103.704972|36.684305
103.764919|35.967381
103.689239|36.205669
103.846091|36.058077
103.83825|36.051905
104.365447|36.231528
103.860898|36.068619
103.619476|36.097343
103.735432|36.082649
103.581947|36.677441
103.887065|36.059898
103.818761|36.051291
103.824505|36.205655
103.840745|36.0494
103.359873|36.964745
103.77136|36.067693
103.781725|36.064705
103.829379|36.048031
103.710267|36.132757
103.851862|36.035787
104.052785|36.079998
103.713568|36.011312
103.884006|36.043427
103.783121|36.07255
103.708637|36.205701
104.145373|36.215402
103.83941|36.103914
103.788904|36.064211
103.694199|36.111887
103.846712|36.037017
103.839208|36.052383
103.879827|36.069409
103.824393|36.046932
103.889217|36.043254
103.81968|36.057231
103.867077|36.06438
103.849617|36.040772
104.000986|35.944878
103.697016|36.116943
103.886314|36.031322
103.830217|36.046639
102.824749|36.581855
103.893992|36.205556
103.831325|36.057759
103.840745|36.044119
102.889609|36.425267
103.869268|35.935918
103.891133|35.824829
103.824633|36.054899
103.896325|36.373023
103.903646|35.957399
103.871593|36.205575
103.826336|36.055818
103.743481|36.089569
103.877719|36.038866
103.821666|36.058002
103.831166|36.05812
103.841024|36.043848
103.793328|36.067366
103.839927|36.061904
103.569828|36.480589
104.239262|35.927585
103.888174|36.054896
103.925161|35.946606
103.623129|36.097274
103.89683|36.044009
102.965767|36.748459
103.841304|36.044398
102.849748|36.345878
103.546089|36.203331
103.772021|36.079211
103.852672|36.069673
103.853939|36.047946
103.883178|36.05518
103.885955|36.044335
103.839637|36.043851
103.833873|36.05409
103.841923|36.055709
103.89485|36.050991
103.849617|36.040222
103.894667|36.053931
103.851571|36.051864
103.826616|36.06665
103.846429|36.048679
103.83234|36.20564
103.866538|36.06408
104.43589|36.273033
103.802463|36.063362
103.839358|36.044461
103.82484|36.054223
103.837703|36.0708
103.776122|36.063935
103.915297|36.496262
103.858191|36.042558
103.851753|36.063303
102.854538|36.501501
103.704523|36.104992
103.826852|36.20565
103.705533|36.054763
104.202024|36.332526
103.873466|36.025733
103.717644|36.073511
104.187313|35.708679
103.710278|36.09971
103.807783|36.066744
103.822464|36.056656
103.891149|36.065935
103.633558|36.088776
102.7895|36.622015
103.834637|36.04349
104.06135|35.944164
103.76382|35.966942
104.263604|35.619834
103.665271|36.488347
103.63944|36.082983
103.815628|36.060009
103.78423|36.072399
103.750676|36.096322
103.839089|36.055244
103.832118|36.20564
103.845187|36.071066
103.837432|36.043294
103.77284|36.072119
104.145377|36.251243
103.664443|36.138147
103.855597|36.042318
104.327954|36.321479
103.598491|36.398328
103.816905|36.057506
102.881912|36.529019
103.837432|36.058578
103.543718|36.699125
103.837712|36.058247
103.828245|35.915283
103.846823|36.067112
103.852112|36.04938
103.825039|36.060582
103.877633|36.061296
104.328172|36.172507
103.705827|36.059953
104.359045|36.125423
103.869034|36.045263
103.715075|36.104101
103.767644|36.082572
103.830936|36.054699
103.621767|36.098066
103.962228|36.002562
103.852402|36.050219
103.823043|36.063366
102.852404|36.348834
103.958133|35.942359
103.627297|36.088718
103.891567|35.941329
103.770592|36.06868
103.673853|36.035573
103.866641|36.072333
103.841924|36.078484
103.626874|36.091932
103.869947|36.047391
103.858141|36.043278
104.35917|36.325648
103.821945|36.054296
103.71332|36.074779
103.757015|36.055583
103.669823|36.476651
103.824041|36.058053
103.823528|36.046602
103.843548|36.054357
103.855623|36.205598
103.822629|36.058745
103.861668|36.068175
103.752136|36.099282
103.637641|36.102022
103.851284|36.047991
103.779684|36.05452
103.839233|36.205627
103.790784|36.056891
103.858941|36.067332
103.978406|36.465513
103.675731|36.095269
103.852672|36.065492
103.842691|36.050786
103.687507|36.205666
103.808453|36.089068
103.89397|36.037769
103.831045|36.044417
103.829948|36.058592
103.932751|36.50996
103.664878|36.638214
103.90178|36.050169
103.807764|36.061963
103.845187|36.071347
103.819799|36.05406
103.6833|36.726381
102.86362|36.575074
104.1591|36.072537
103.748885|36.100222
103.849068|36.053556
102.907042|36.792505
103.766704|36.073683
103.825777|36.053179
103.803601|36.068081
103.823215|36.057684
103.691347|36.098156
103.697584|36.205684
103.854902|36.064361
103.767944|36.083055
103.817884|36.061395
103.895233|36.053666
103.855593|36.048731
103.827971|36.05282
103.041701|36.909984
103.63449|36.521142
103.957524|35.793516
103.860417|36.055228
103.840506|36.051261
103.822055|36.049535
103.623475|36.20556
103.825478|36.055781
103.911803|36.04638
103.816636|36.061667
103.699482|36.108935
103.839358|36.055244
103.851397|36.205605
103.828551|36.062486
103.842212|36.050177
103.826453|36.047129
103.778935|36.060312
103.835757|36.073024
103.860487|36.037273
103.58649|36.592598
103.831325|36.043316
103.82458|36.060762
104.263897|35.675127
103.816893|36.205669
103.670732|36.477633
104.192152|35.852732
103.8537|36.053428
103.863682|36.04205
103.75629|36.575222
103.83853|36.055515
103.848789|36.052176
103.825594|36.050445
103.825477|36.05578
103.839358|36.060795
103.618624|36.095172
103.375037|36.12838
103.840302|36.054204
103.780171|36.205722
103.629907|36.085149
103.874018|36.06157
103.621906|36.098748
103.856272|36.040206
103.74411|36.050791
103.85365|36.075943
103.58295|36.100362
103.767954|36.068246
103.890397|36.051001
103.828375|36.059284
103.036387|36.65253
103.691683|36.116303
103.849477|36.048484
103.854059|36.047436
103.803072|36.068492
103.850456|36.062445
103.889713|36.048874
103.738321|36.079627
103.691954|36.107562
103.825592|36.05332
103.830237|36.054601
103.684825|36.102618
103.851135|36.076047
103.770552|36.073651
103.864061|36.205585
103.826336|36.056098
103.859319|36.054929
103.890403|36.051004
103.725292|36.097568
103.709794|36.077646
103.800362|35.977397
104.115749|35.849479
103.804819|36.473677
103.85288|36.032245
103.849287|36.038342
103.861367|36.081291
104.23835|36.235486
103.818502|36.049842
103.653422|36.082735
103.872396|36.061315
103.569425|36.620204
103.213709|36.800667
103.827506|36.113578
103.873028|36.046508
103.878777|36.042249
103.855228|36.048328
103.882747|36.032185
103.854769|36.077251
103.772951|36.07684
103.682588|36.076428
103.832425|36.098056
103.696163|36.113206
103.835207|36.054701
103.557436|36.666156
103.625783|36.719864
103.837273|36.052627
103.789513|36.06057
103.793895|36.064209
103.762662|36.052576
103.893901|36.051912
103.82877|36.045781
103.614206|36.491018
103.62268|36.099616
103.826885|36.059148
103.857197|36.048803
103.873802|35.928271
103.713621|36.099527
103.725101|36.097828
103.762664|36.052581
103.815069|36.053729
103.81968|36.05473
103.769333|36.082594
103.833082|36.055946
103.792789|36.066157
103.829059|36.238854
103.607927|36.632148
103.850798|35.914762
104.237675|35.871296
103.849907|36.061056
103.907042|36.063312
103.630212|36.090262
103.762145|36.070155
103.744202|36.098971
102.885624|36.563162
103.847459|36.205612
103.74127|36.09821
103.763245|36.076945
103.876427|36.032782
103.867286|36.045255
103.948639|36.470644
103.816726|36.056256
103.842851|36.057628
102.880427|36.338053
103.899559|36.046829
103.846583|36.05266
103.706938|36.70443
103.878142|36.044772
104.253992|36.235452
103.854329|36.073551
103.829978|36.04921
103.834099|36.049132
103.805798|36.088432
103.847125|36.059948
103.640613|36.092546
103.651514|36.251409
103.854328|36.048546
103.847122|36.048278
103.71357|36.054161
103.85378|36.070491
103.722798|36.085258
103.760227|36.637205
103.917093|36.045296
102.938367|36.783987
104.248495|36.154453
103.27005|36.741628
103.82262|36.059525
103.85287|36.048789
104.412354|36.022632
103.843426|36.057477
103.85287|36.037996
103.914014|36.046831
103.8521|36.205604
103.766726|36.068469
103.838251|36.057466
103.837981|36.057467
103.830577|36.05001
103.850177|36.078279
103.829718|36.205645
103.723306|36.044255
103.845435|36.04411
102.847832|36.375741
103.611502|36.657784
103.832313|36.058658
103.82078|36.057569
103.867167|36.069721
103.820518|36.054999
102.866537|36.412661
103.856276|36.076328
103.817744|36.056114
103.928774|36.108565
103.88076|36.068134
103.679368|36.471179
104.239259|36.2144
103.839358|36.055794
103.834368|36.04302
103.85857|36.049269
103.696274|36.000215
104.230859|35.799253
103.860288|36.063179
103.793906|36.057263
103.752486|36.095946
103.838734|36.058746
103.980021|36.258587
103.748364|36.096741
103.74726|36.010313
103.846144|36.04834
103.815797|36.053057
103.855985|36.054204
103.704813|36.088589
103.835566|36.049119
103.832154|36.06609
103.252825|36.174937
103.765292|36.434935
103.864221|36.036968
103.739919|36.10201
103.861776|36.063547
103.708872|36.093657
103.848569|36.041254
103.890403|36.052944
103.670735|36.477633
103.947663|36.33013
103.656386|36.205607
103.75108|36.081926
103.825105|36.052631
103.841633|36.040476
103.850097|36.061866
103.870395|36.037974
103.861546|36.070759
103.869746|36.057783
103.708487|36.009038
103.853249|36.049563
103.842002|36.050188
103.731424|36.1095
104.437588|36.254926
103.865699|36.062971
103.838809|36.051624
103.621038|36.102685
103.751212|36.067098
103.824959|36.057491
103.399554|36.746953
103.840825|36.057691
103.792898|36.065847
103.81666|36.055483
103.783591|36.070739
102.923742|36.706828
103.848982|36.053071
103.218376|36.833424
103.840196|36.04385
103.900566|36.113073
103.697246|36.092028
103.644483|36.136682
103.835757|36.075255
103.927171|36.098111
103.821895|36.059727
103.873467|36.041297
103.797471|36.06338
103.856105|36.042432
103.794236|36.073258
103.852491|36.030655
103.687743|36.118876
104.535343|36.235374
103.802157|36.061956
103.596868|36.115489
103.820458|36.05982
103.638578|36.083161
103.837702|36.053016
103.822668|36.046909
103.832736|36.050976
103.862394|36.053514
103.830218|36.054711
103.809032|36.031428
103.852563|36.050255
103.62466|36.098372
103.851702|36.036628
103.855582|36.035744
103.691978|36.205674
103.732046|36.205728
103.666076|36.534761
103.625199|36.090695
103.821346|36.051937
104.398852|36.204241
103.8861|36.03378
103.825827|36.049648
103.895037|36.505557
103.112043|36.837206
103.826615|36.045266
103.851562|36.205605
103.25313|36.205728
103.81926|36.055921
103.577294|36.709692
103.640483|36.094056
103.694099|36.104515
103.795215|36.059602
102.929173|36.707494
103.873688|36.062391
104.256297|36.245468
103.851774|36.046173
103.835928|35.896264
103.845466|36.059113
103.834029|36.050193
103.820392|36.058687
103.851393|36.037858
103.852661|36.034225
104.329358|36.325324
103.773839|36.059306
103.671721|36.111915
103.772251|36.085902
103.898729|36.038217
103.889835|36.05317
103.861815|36.059926
103.885626|36.06743
103.772197|36.205729
103.856274|36.040211
103.749404|36.053882
103.906741|36.205554
103.770832|36.06807
103.826753|36.436272
103.828848|36.205646
103.824051|36.054712
103.820049|36.048088
103.824958|36.056101
103.874846|36.03923
103.841234|36.050129
103.877633|36.054905
103.095235|36.893757
103.691613|36.115853
103.6941|36.104512
104.341659|36.144146
103.842132|36.057739
103.792789|36.065877
103.834099|36.043861
103.831526|36.205641
103.895068|36.053094
103.835207|36.058582
103.819699|36.050189
103.656011|36.135819
103.873188|36.047138
103.86488|36.047419
103.839625|36.058055
104.234231|36.231107
103.625116|36.59695
103.841433|36.041387
103.783911|36.071719
103.857104|36.066595
103.756451|36.189532
103.269216|36.153452
103.674285|36.060419
103.834309|36.052853
103.909882|36.060972
103.852901|36.042237
103.81973|36.058951
103.67834|36.128261
103.5961|36.165219
103.863253|36.048732
103.825729|36.048523
103.749475|36.097582
103.890412|36.045972
103.821347|36.059868
103.872828|36.035406
103.824958|36.043318
103.70804|36.094776
103.885845|36.055117
103.743359|36.04757
103.842161|36.032804
103.848789|36.049105
103.850736|36.062404
103.823841|36.053883
103.820464|35.96669
103.868771|36.205578
103.9046|36.048289
103.825507|36.052219
103.850826|36.205606
103.728316|36.09409
103.776118|36.063935
103.727262|36.042428
103.89953|36.059502
103.820328|36.052219
103.847412|36.06106
103.821208|36.057469
102.889875|36.347109
103.737666|36.082205
