[0.0, 1.5537064823306153e-20, 1.0, 0.0]
[1.0, 0.0, 0.0, 1.0852805468596145e-236]
[0.0, 5.439835558472139e-72, 6.42634108411946e-274, 1.0]
[1.0, 5.77685239997198e-276, 0.0, 5.951007393603968e-67]
[0.0, 1.0, 3.585585243145177e-20, 0.0]
[1.0, 0.0, 0.0, 3.993887878896411e-239]
[1.0, 0.0, 0.0, 7.193764333274089e-233]
[0.0, 1.0, 2.2560895922812935e-121, 0.0]
[0.0, 1.0, 1.1597995143210844e-203, 1.1367019180925919e-121]
[1.0, 0.0, 0.0, 3.650474549331243e-237]
[7.057025466244533e-35, 2.3583151401608593e-206, 0.0, 1.0]
[0.0, 1.0, 1.150462163547337e-193, 0.0]
[1.0, 0.0, 0.0, 1.4903961186672945e-166]
[0.0, 9.051504206497856e-115, 8.93724266394125e-310, 1.0]
[8.3106901544118e-146, 9.242747474783605e-209, 0.0, 1.0]
[0.0, 1.0, 4.688914423372965e-111, 0.0]
[0.0, 1.1098276991721511e-203, 0.0, 1.0]
[0.0, 1.0, 7.65218183620796e-207, 1.2534386912203154e-45]
[1.3208532417392578e-263, 3.311927830139169e-204, 0.0, 1.0]
[0.0, 1.0, 8.041415973623472e-186, 0.0]
[0.0, 2.51602030632858e-196, 0.0, 1.0]
[0.0, 7.649626126516897e-126, 1.066643e-318, 1.0]
[0.0, 0.0, 1.0, 0.0]
[0.0, 0.0, 1.0, 0.0]
[0.0, 0.0, 1.0, 0.0]
[1.0, 0.0, 0.0, 8.830911678892422e-237]
[0.0, 0.0, 1.0, 0.0]
[0.0, 1.0, 1.5201698917439273e-62, 0.0]
[0.0, 6.481820785148524e-181, 0.0, 1.0]
[1.0, 0.0, 0.0, 1.1266259291734612e-234]
[0.0, 1.0, 9.13752689796569e-135, 0.0]
[0.0, 1.1883248295946499e-126, 1.0, 0.0]
[1.0, 0.0, 0.0, 9.760118731103155e-123]
[0.0, 5.565901724569528e-25, 3.924318877592141e-216, 1.0]
[1.0, 0.0, 0.0, 4.632285986713484e-243]
[1.0, 0.0, 0.0, 2.3721908290596322e-241]
[0.0, 1.0, 1.7231861766467344e-105, 0.0]
[1.0, 0.0, 0.0, 6.158065221783315e-204]
[1.0, 0.0, 0.0, 7.457517959235434e-196]
[0.0, 2.0988120163722858e-47, 1.1046977289831184e-246, 1.0]
[0.0, 2.803421463653637e-167, 0.0, 1.0]
[1.0, 0.0, 0.0, 1.6315115234509295e-241]
[0.0, 1.0, 4.133339862308134e-158, 0.0]
[0.0, 3.3639490320876713e-13, 6.077540577930278e-216, 0.9999999999997726]
[0.0, 1.0, 8.819028202942625e-204, 2.1002735904450274e-184]
[0.0, 2.6788869429445806e-191, 0.0, 1.0]
[1.0, 0.0, 0.0, 8.120851614379986e-238]
[1.0, 8.226717764005779e-250, 0.0, 3.9976370572248146e-44]
[0.0, 1.0, 1.6822351283208306e-196, 3.05971878490487e-16]
[0.0, 1.0, 5.1709001281607805e-202, 1.006426119100671e-245]
[0.0, 1.0, 3.5013255368982095e-209, 3.920832808418294e-102]
[0.0, 1.0, 1.700843805705846e-136, 0.0]
[1.0, 0.0, 0.0, 7.83567543785881e-180]
[1.0, 0.0, 0.0, 1.4096547365096578e-237]
[0.0, 1.0, 8.070529035421806e-201, 0.0]
[0.0, 0.0, 1.0, 0.0]
[0.0, 3.3144018729812383e-140, 4e-323, 1.0]
[0.0, 1.0, 1.6380099680987367e-203, 1.3329129495586224e-47]
[0.0, 1.8574385515295884e-29, 5.297639692048243e-230, 1.0]
[1.0, 0.0, 0.0, 1.875889162659926e-240]
[0.0, 1.0, 2.430504132645261e-200, 9.477952501038801e-26]
[1.0, 0.0, 0.0, 1.20211602737826e-192]
[1.0, 2.140539233367604e-286, 0.0, 5.69618286152445e-88]
[0.0, 1.8170880840805432e-14, 8.447201842638628e-221, 1.0]
[0.0, 1.0, 3.0079743612967547e-195, 0.0]
[0.0, 1.0, 1.2558000052273744e-114, 0.0]
[0.0, 1.0, 4.442218359382979e-201, 0.0]
[0.0, 1.0, 3.357010070720893e-207, 1.2382104310629538e-168]
[0.0, 1.0, 1.2966305748828562e-199, 1.1171964082350006e-71]
[1.0, 0.0, 0.0, 4.1178187636376554e-172]
[1.0, 0.0, 0.0, 1.3592331544827824e-155]
[0.0, 1.0, 1.905100833929752e-201, 6.731295135468129e-211]
[1.0, 0.0, 0.0, 7.677685484556823e-213]
[0.0, 4.6639105607242896e-198, 0.0, 1.0]
[1.0, 0.0, 0.0, 1.5187364945709e-223]
[0.0, 2.883848286546358e-42, 1.7472382539076002e-231, 1.0]
[0.0, 1.0, 7.69710377000689e-201, 9.035713104132864e-52]
[0.0, 1.0, 1.3940528542254816e-50, 0.0]
[1.0, 0.0, 0.0, 1.2267611653931448e-179]
[6.953152417019863e-283, 5.227377663617068e-204, 0.0, 1.0]
[1.6446119703002213e-267, 1.3517975878084776e-205, 0.0, 1.0]
[0.0, 0.0, 1.0, 0.0]
[0.0, 1.0, 1.1956944399028965e-196, 3.9054484331262264e-170]
[0.0, 0.0, 1.0, 0.0]
[1.0, 0.0, 0.0, 9.30314808842045e-236]
[0.0, 1.0, 1.7953305755405638e-204, 1.3764930711770664e-168]
[0.0, 4.872877125848489e-198, 0.0, 1.0]
[0.0, 1.0, 1.0019414306978839e-190, 6.276936347414497e-231]
[0.0, 4.345940912102753e-186, 0.0, 1.0]
[0.0, 1.0, 1.8179172953661982e-172, 0.0]
[0.0, 1.0, 3.994050702488607e-205, 1.4926406014877446e-77]
[0.0, 4.267549107957273e-139, 0.0, 1.0]
[0.0, 1.0, 8.86372588947607e-205, 4.6172382688683206e-175]
[1.0, 0.0, 0.0, 1.022857123757879e-233]
[0.0, 1.0, 1.8612701235689273e-187, 3.871957031631201e-167]
[0.0, 9.884601776692749e-203, 2.14810140587e-313, 1.0]
[0.0, 1.3188803473079398e-169, 0.0, 1.0]
[1.0, 0.0, 0.0, 1.313842421185069e-193]
[0.0, 0.0, 1.0, 0.0]
[0.0, 5.534051515519085e-202, 0.0, 1.0]
[1.0, 0.0, 0.0, 9.858042943382064e-229]
[1.0, 3.689916712025323e-234, 0.0, 1.6853589476093322e-24]
[0.0, 1.150312449767574e-200, 0.0, 1.0]
[1.0, 0.0, 0.0, 2.9832876737943484e-241]
[1.0, 0.0, 0.0, 2.4665097425707058e-241]
[0.0, 2.821729957718705e-163, 0.0, 1.0]
[0.0, 2.2481054369135687e-143, 5.3337114e-316, 1.0]
[0.0, 1.0, 2.0409369738110427e-199, 1.3651230337379916e-116]
[0.0, 1.0, 4.081220835036474e-89, 0.0]
[1.0, 0.0, 0.0, 3.764101957641831e-183]
[0.0, 1.0, 1.827778828403738e-154, 0.0]
[2.1558487212333614e-170, 5.621486067155614e-200, 0.0, 1.0]
[1.0, 0.0, 0.0, 2.9624848197911392e-241]
[0.0, 1.0, 8.499233432997039e-201, 3.8433321894989754e-86]
[1.0, 0.0, 0.0, 9.216223153410922e-162]
[0.0, 1.0, 1.992040974700838e-160, 0.0]
[0.0, 0.0, 1.0, 0.0]
[0.0, 1.0, 3.450651733943449e-145, 0.0]
[0.0, 6.638698098689661e-202, 0.0, 1.0]
[0.0, 1.0, 7.570131389429337e-207, 4.100767261857609e-20]
[1.0, 0.0, 0.0, 1.7614373397323703e-231]
[0.0, 9.0739395e-317, 1.0, 0.0]
[0.0, 1.0, 4.510375807216138e-208, 6.500900130722535e-208]
[0.0, 4.574821141343515e-93, 1.1684815431662238e-288, 1.0]
[0.0, 1.0, 2.8246725294517556e-182, 2.4363274692465295e-297]
[0.0, 1.0798608449332487e-100, 1.0, 0.0]
[1.0, 0.0, 0.0, 7.972228130431274e-241]
[1.0, 0.0, 0.0, 3.797157214651124e-216]
[1.0, 1.5e-323, 0.0, 2.2358982150157685e-117]
[5.236482520999294e-93, 7.827932427269062e-210, 0.0, 1.0]
[1.0, 0.0, 0.0, 3.67034607135594e-221]
[0.0, 0.0, 1.0, 0.0]
[1.0, 0.0, 0.0, 1.0201402337680614e-239]
[1.0, 5.246372777195358e-227, 0.0, 6.455540616289722e-17]
[1.0, 0.0, 0.0, 1.6444559042162383e-219]
[1.0, 5.892872140182587e-280, 0.0, 7.58006291767931e-70]
[1.0, 2.177307297929628e-267, 0.0, 1.0570559161529447e-59]
[0.0, 5.737503594094304e-143, 0.0, 1.0]
[0.0, 1.0, 1.7894615916657817e-198, 4.299359145446417e-66]
[0.0, 1.6488643137818076e-207, 0.0, 1.0]
[0.0, 0.0, 1.0, 0.0]
[1.0, 0.0, 0.0, 1.6990349881283454e-241]
[1.0, 0.0, 0.0, 3.6662654667411196e-215]
[1.0, 3.486676835993382e-282, 0.0, 5.003011792744679e-77]
[1.0, 0.0, 0.0, 2.129397423496079e-208]
[0.0, 4.145265224596193e-42, 8.432920799830018e-243, 1.0]
[0.0, 1.0, 3.767235060455371e-183, 0.0]
[1.0, 0.0, 0.0, 2.629289082606301e-149]
[0.0, 6.384384675325384e-145, 0.0, 1.0]
[0.0, 1.0, 9.770783969758942e-138, 0.0]
[1.0, 0.0, 0.0, 3.17345495573739e-212]
[0.0, 1.0, 1.0158561142838102e-180, 0.0]
[0.0, 1.0, 3.0595304072214585e-71, 0.0]
[0.0, 1.0, 2.335513213018053e-175, 0.0]
[0.0, 5.664725286456941e-202, 0.0, 1.0]
[1.0, 2.5260954866249265e-242, 0.0, 1.0353817185238275e-33]
[0.0, 1.0, 4.911593396799159e-201, 2.0983137194113706e-22]
[0.0, 6.788298130034555e-137, 5.14e-322, 1.0]
[1.0, 8.64299192e-315, 0.0, 6.28518410744556e-107]
[1.0, 0.0, 0.0, 1.2736405593634313e-198]
[0.0, 1.0, 6.566320611677557e-51, 0.0]
[0.0, 5.873693968275731e-197, 0.0, 1.0]
[0.0, 6.269772320243947e-190, 0.0, 1.0]
[0.0, 1.1744566577440798e-198, 0.0, 1.0]
[0.0, 0.0, 1.0, 0.0]
[1.0, 0.0, 0.0, 4.4340317783297306e-201]
[0.0, 0.9999999999222382, 2.640185331970551e-201, 7.77127252230687e-11]
[0.0, 1.0, 3.614071263483571e-200, 2.675451137894659e-297]
[1.0, 0.0, 0.0, 3.975341013192209e-177]
[4.31971843394748e-134, 1.1265972128299878e-210, 0.0, 1.0]
[0.0, 1.2690802630656383e-34, 1.4500513077911773e-229, 1.0]
[1.4988761619940884e-115, 2.8987871999733567e-201, 0.0, 1.0]
[1.0, 0.0, 0.0, 4.022764989641422e-241]
[5.173086082073637e-118, 8.460022339479613e-207, 0.0, 1.0]
[1.0, 0.0, 0.0, 2.0444200081710726e-155]
[0.0, 0.9983159690012144, 0.001684030998851622, 0.0]
[1.0, 0.0, 0.0, 2.8250102630451667e-186]
[1.0, 0.0, 0.0, 1.8007369772067035e-204]
[0.9999999573717568, 5.744291825763014e-215, 0.0, 4.2628145064852475e-08]
[3.587554909117922e-29, 2.397318636311464e-206, 0.0, 1.0]
[1.0, 0.0, 0.0, 9.487079664301974e-156]
[0.0, 1.0, 2.784327585440611e-195, 4.871326190803982e-185]
[0.0, 1.0, 1.7913321642973396e-192, 0.0]
[0.0, 1.0, 1.798129319658651e-167, 0.0]
[0.0, 1.0, 1.498783897312358e-19, 0.0]
[1.0, 0.0, 0.0, 5.527672832174251e-231]
[0.0, 1.998793983923037e-116, 1.0, 0.0]
[1.0, 0.0, 0.0, 2.0248034657063234e-185]
[0.0, 6.630524467634208e-34, 7.660964579176488e-216, 1.0]
[0.9999999999997726, 6.707564839085926e-219, 0.0, 2.411024751447494e-13]
[0.0, 0.0, 1.0, 0.0]
[0.0, 1.0, 8.435914888918098e-181, 0.0]
[0.0, 5.29541425973837e-188, 0.0, 1.0]
[0.0, 0.0, 1.0, 0.0]
[1.0, 0.0, 0.0, 8.748369620626276e-231]
[0.0, 1.0, 2.5402080193191196e-207, 7.598203338444073e-213]
[0.0, 1.5716401030142962e-190, 0.0, 1.0]
[0.0, 3.6800825047150795e-184, 0.0, 1.0]
[0.0, 1.0, 7.866922416005418e-140, 0.0]
[1.0, 0.0, 0.0, 2.351071605019627e-214]
[1.0, 0.0, 0.0, 4.798231528103168e-242]
[0.0, 1.0, 3.206248642691554e-127, 0.0]
[0.0, 2.8304777488094963e-127, 1.12764e-318, 1.0]
[0.0, 0.0, 1.0, 0.0]
[1.0, 0.0, 0.0, 9.239791893149007e-230]
[0.0, 7.855054344247854e-183, 0.0, 1.0]
[1.0, 0.0, 0.0, 9.319389144650723e-240]
[1.0, 1e-323, 0.0, 5.029162227393517e-116]
[0.0, 3.866403222381841e-149, 0.0, 1.0]
[0.0, 1.0, 2.936345715721119e-108, 0.0]
[0.0, 1.0, 6.408973277207174e-178, 0.0]
[0.0, 1.0, 1.5769716082808655e-204, 3.90375136399647e-164]
[0.0, 4.768170715408133e-142, 0.0, 1.0]
[0.0, 1.0, 2.825522713937387e-165, 0.0]
[0.0, 0.0, 1.0, 0.0]
[0.0, 1.0, 6.878176055890766e-146, 0.0]
[0.0, 1.0, 2.9915175777471786e-71, 0.0]
[0.0, 1.6845545422749247e-196, 0.0, 1.0]
[0.0, 1.0, 5.8432433500204515e-152, 8.371914451369308e-234]
[0.0, 1.1502614916488216e-162, 0.0, 1.0]
[0.0, 1.0, 3.151490017816845e-56, 0.0]
[0.0, 4.129122191021333e-88, 1.0, 0.0]
[0.0, 1.0, 5.329340397577292e-184, 0.0]
[0.0, 1.2799466019335146e-50, 3.2406790715319998e-233, 1.0]
[0.0, 1.0, 1.6744080041461222e-18, 0.0]
[0.0, 8.051549652422842e-200, 0.0, 1.0]
[0.0, 0.0, 1.0, 0.0]
[1.0, 0.0, 0.0, 9.876231053221991e-182]
[0.0, 0.0, 1.0, 0.0]
[0.0, 1.1068897397091198e-109, 1.0, 0.0]
[0.0, 1.94776944511176e-310, 1.0, 0.0]
[0.0, 9.680288151539525e-190, 0.0, 1.0]
[1.0, 0.0, 0.0, 1.3975357296399728e-241]
[0.0, 1.0, 3.418227087967541e-186, 0.0]
[0.0, 1.0, 3.501926039641415e-129, 0.0]
[0.0, 1.0, 5.821181074275825e-76, 0.0]
[0.0, 2.906550717296548e-194, 0.0, 1.0]
[0.0, 2.2960290551017443e-167, 0.0, 1.0]
[0.0, 0.0, 1.0, 0.0]
[1.0, 0.0, 0.0, 4.333368713310729e-216]
[0.0, 2.2656220229681843e-188, 0.0, 1.0]
[0.0, 2.146741464957059e-172, 0.0, 1.0]
[0.0, 1.519191891179064e-188, 0.0, 1.0]
[1.0, 0.0, 0.0, 4.629806113324027e-223]
[0.0, 1.0, 4.636442056164908e-139, 0.0]
[1.0, 9.954569344008106e-147, 1.9506391083852185e-299, 3.307171602262077e-24]
[0.0, 1.0, 1.7251507809537606e-35, 0.0]
[1.0, 1.191258210921367e-263, 0.0, 4.576722207959488e-53]
[1.0, 0.0, 0.0, 5.853645418988536e-242]
[1.0, 2.5107648061993738e-300, 0.0, 3.494635704893619e-96]
[0.0, 3.415947999281606e-130, 0.0, 1.0]
[0.0, 2.521600139225982e-194, 0.0, 1.0]
[1.0, 0.0, 0.0, 1.3207010524031712e-241]
[1.0, 0.0, 0.0, 1.1666389915680553e-220]
[0.0, 1.0, 6.070179712031497e-57, 0.0]
[0.0, 1.0, 2.042141602945271e-134, 0.0]
[0.0, 1.0, 8.825568623650349e-188, 1.4732135570403375e-75]
[0.0, 7.172533620485623e-87, 9.925411227863934e-269, 1.0]
[0.0, 0.0, 1.0, 0.0]
[0.0, 9.819167283023721e-41, 5.040862385949122e-238, 1.0]
[1.0, 0.0, 0.0, 4.1606747988000265e-236]
[0.0, 1.0, 2.2918170050342305e-86, 0.0]
[0.0, 0.0, 1.0, 0.0]
[1.0, 0.0, 0.0, 7.544525380477431e-244]
[0.0, 0.0003647954839814411, 1.1369211040447757e-192, 0.999635204516118]
[0.0, 1.0, 3.479226553203014e-209, 3.0769417862452036e-118]
[1.0, 0.0, 0.0, 2.447353536011114e-193]
[0.0, 1.0, 6.39994634420469e-204, 5.069192782061965e-100]
[1.0, 2.6848e-320, 0.0, 5.262640095271531e-112]
[1.0, 0.0, 0.0, 1.2367152085311926e-231]
[0.0, 1.0, 3.009372073815061e-191, 3.152144819437763e-30]
[0.0, 1.0, 3.4955147265856116e-150, 0.0]
[7.35388274654485e-145, 7.694775777669668e-201, 0.0, 1.0]
[0.0, 1.646125332985183e-74, 9.049471120048687e-261, 1.0]
[1.0, 0.0, 0.0, 1.056812607604584e-225]
[0.0, 1.0, 1.6340871914882302e-204, 1.1721291609865106e-63]
[1.0, 0.0, 0.0, 4.895083606988485e-172]
[1.0, 0.0, 0.0, 4.4178485422829013e-144]
[0.0, 1.0, 1.426465312383761e-126, 0.0]
[1.0, 0.0, 0.0, 1.1183875977748771e-240]
[0.0, 4.0273423702753056e-277, 1.0, 0.0]
[1.0, 0.0, 0.0, 6.288121415253104e-210]
[1.0, 0.0, 0.0, 4.888056326159687e-173]
[0.0, 4.791321269017132e-36, 9.672111644552478e-240, 1.0]
[1.0, 0.0, 0.0, 2.4882983632540056e-226]
[0.0, 1.0, 2.818947523478377e-183, 0.0]
[1.0, 0.0, 0.0, 3.2049234558502295e-159]
[0.0, 5.540744736656835e-138, 5e-324, 1.0]
[0.0, 1.0, 9.417216116848925e-193, 7.153384442879649e-37]
[0.0, 1.0, 3.353769933647636e-98, 0.0]
[0.0, 5.182076405024785e-90, 1.0, 0.0]
[1.0, 0.0, 0.0, 7.005622200788861e-219]
[0.0, 1.90036272902878e-150, 0.0, 1.0]
[0.0, 1.0, 7.7230329170963e-175, 0.0]
[0.0, 3.238849722281098e-195, 0.0, 1.0]
[0.0, 0.0, 1.0, 0.0]
[1.0, 0.0, 0.0, 1.4844653958260882e-242]
[0.0, 1.33155233019558e-113, 1.6409574071932267e-296, 1.0]
[0.0, 3.3867386288512773e-240, 1.0, 0.0]
[0.0, 1.5594004875146276e-25, 5.519448427357042e-209, 1.0]
[1.0, 0.0, 0.0, 6.244451524280364e-240]
[1.0, 0.0, 0.0, 3.6156050355889583e-233]
[0.0, 1.0, 4.1527397769092274e-70, 0.0]
[0.0, 2.388465067870225e-257, 1.0, 0.0]
[1.0, 0.0, 0.0, 2.222859402760453e-201]
[0.0, 1.0, 5.364260845521683e-148, 0.0]
[0.0, 1.3543802694587883e-73, 5.515114907588921e-270, 1.0]
[0.0, 1.0, 4.409949925495261e-128, 0.0]
[0.0, 1.0, 1.0571629275561767e-89, 0.0]
[1.0, 0.0, 0.0, 5.7227266091134405e-213]
[1.0, 0.0, 0.0, 9.280627478046831e-209]
[0.0, 3.247637876012974e-194, 0.0, 1.0]
[1.0, 2.19113e-319, 0.0, 6.22968537140855e-121]
[0.0, 1.0, 1.686541558516031e-134, 0.0]
[1.1987705535454043e-204, 2.5286109224989713e-202, 0.0, 1.0]
[1.0, 0.0, 0.0, 3.898678736085288e-133]
[0.0, 1.5334674554926395e-58, 5.0750202106463486e-262, 1.0]
[0.0, 1.0, 3.1194880325606433e-158, 3.1711567171113955e-60]
[0.0, 1.0, 3.247825099405263e-129, 0.0]
[0.0, 3.815546079234121e-199, 0.0, 1.0]
[0.0, 1.3966919485732468e-29, 5.4233923831281915e-233, 1.0]
[0.0, 1.7250420150413327e-155, 0.0, 1.0]
[0.0, 1.6642933583789997e-116, 1.0, 0.0]
[0.0, 1.0, 2.9336797254482954e-188, 1.0257956576810761e-142]
[0.0, 2.253617984076365e-44, 6.275447586620156e-249, 1.0]
[0.0, 1.0, 1.589616780288078e-199, 3.022655205287403e-40]
[0.0, 0.0, 1.0, 0.0]
[0.0, 1.0, 3.8598948104232304e-150, 0.0]
[0.0, 1.0503795961159418e-199, 0.0, 1.0]
[1.0, 6.208413505317526e-296, 0.0, 7.797377999002517e-88]
[1.0, 0.0, 0.0, 1.153589109337909e-180]
[1.0, 0.0, 0.0, 4.864197293079987e-234]
[1.0, 0.0, 0.0, 1.7167746361294686e-237]
[0.0, 1.0, 5.512756921419225e-148, 0.0]
[1.0, 1.2264970926063384e-263, 0.0, 5.981511393795701e-65]
[0.0, 8.927039954058256e-199, 0.0, 1.0]
[1.0, 0.0, 0.0, 2.4801705036424075e-146]
[0.0, 1.4565664789803275e-196, 0.0, 1.0]
[0.0, 1.1549935629512152e-201, 0.0, 1.0]
[1.0, 0.0, 0.0, 2.137562596691324e-236]
[0.0, 7.183137029258816e-76, 1.0363960378670441e-274, 1.0]
[0.0, 1.0, 9.589741750814188e-194, 0.0]
[1.0, 0.0, 0.0, 4.179089894630343e-167]
[1.0, 0.0, 0.0, 1.1817302486638077e-211]
[1.0, 1.8201247572024165e-262, 0.0, 2.0572870842995988e-53]
[0.0, 7.987125821524417e-140, 7.3684135e-317, 1.0]
[0.0, 0.9999999999938609, 6.105517215607888e-12, 0.0]
[1.0, 0.0, 0.0, 3.22508810326426e-232]
[3.534065447550401e-180, 3.6647530967342524e-207, 0.0, 1.0]
[0.0, 1.0, 1.5573948808742012e-183, 3.306888017178121e-278]
[0.0, 0.0, 1.0, 0.0]
[0.0, 1.0, 1.700949867284586e-205, 4.2296862113184145e-85]
[1.0, 0.0, 0.0, 3.6140175500929525e-136]
[1.0, 0.0, 0.0, 8.24577063517629e-242]
[0.0, 1.0, 8.348326574829444e-47, 0.0]
[1.9604026363067434e-304, 9.609486698041895e-194, 0.0, 1.0]
[0.0, 1.0, 9.073903059429997e-206, 1.807775756826789e-110]
[0.0, 1.0, 2.0890518669284963e-92, 0.0]
[2.3050617437293276e-214, 1.7457909771503546e-199, 0.0, 1.0]
[0.0, 1.0349273993679325e-105, 1.0, 0.0]
[1.0, 0.0, 0.0, 1.0140904415547796e-229]
[0.0, 2.0543000838844074e-146, 1.0, 0.0]
[1.0, 0.0, 0.0, 5.5823870998257976e-204]
[0.0, 1.0, 3.1295129913376664e-186, 2.1246141863475954e-252]
[1.0, 1.0619992e-316, 0.0, 2.33323859325334e-106]
[0.0, 1.8020500540736444e-199, 0.0, 1.0]
[0.0, 2.9754113587663565e-153, 5e-324, 1.0]
[0.0, 1.0, 3.1079665261507e-206, 8.417007733226868e-51]
[0.0, 1.3551905581886635e-47, 2.4096588450103727e-253, 1.0]
[0.0, 1.0, 1.1082448724418271e-178, 0.0]
[1.0, 0.0, 0.0, 1.5045610517059103e-241]
[0.0, 1.0, 2.9122468832829413e-155, 0.0]
[1.0, 0.0, 0.0, 4.129042887416883e-219]
[1.0, 3.433083934259033e-247, 0.0, 8.006812074654652e-38]
[0.0, 0.0, 1.0, 0.0]
[0.0, 0.0, 1.0, 0.0]
[0.0, 4.8453553052775115e-169, 0.0, 1.0]
[0.0, 1.0, 8.571010161565951e-105, 0.0]
[1.0, 0.0, 0.0, 2.9024950256753846e-207]
[0.0, 6.164648934950926e-203, 0.0, 1.0]
[0.0, 5.058324045568983e-108, 6.562149202540565e-301, 1.0]
[0.0, 1.0, 2.651647459737561e-202, 4.242858835560198e-199]
[0.0, 3.9966194439235746e-198, 0.0, 1.0]
[0.0, 1.5805609027248866e-201, 0.0, 1.0]
[0.0, 1.2241293732520606e-53, 1.0, 0.0]
[0.0, 1.0, 6.462134518083495e-193, 3.251223996866171e-285]
[1.0, 0.0, 0.0, 3.780521494894542e-242]
[0.0, 2.645048202131791e-153, 0.0, 1.0]
[1.0, 0.0, 0.0, 1.5979198453744214e-235]
[0.0, 0.9999998976225067, 1.0237756500735744e-07, 0.0]
[0.0, 1.0, 2.548590710398257e-200, 2.5704672645844318e-40]
[0.0, 1.0, 8.389961810834498e-194, 0.0]
[0.0, 0.0, 1.0, 0.0]
[0.0, 1.0, 1.2801035485049872e-170, 8.809825609680946e-297]
[0.0, 1.0, 7.2059489866995345e-168, 0.0]
[0.0, 0.0, 1.0, 0.0]
[1.0, 0.0, 0.0, 1.5751078613696996e-123]
[1.0, 0.0, 0.0, 4.176215675885293e-151]
[0.0, 1.3765969052313946e-190, 0.0, 1.0]
[0.0, 1.0, 2.687549100555992e-33, 0.0]
[1.0, 1.0903125569517777e-220, 0.0, 3.475980458271141e-15]
[1.495908638980805e-136, 7.834131417354862e-207, 0.0, 1.0]
[1.0, 3.474636902493782e-226, 0.0, 9.908769300047372e-18]
[1.0, 2.039934885911102e-291, 0.0, 1.7876976692385948e-82]
[0.0, 1.0, 7.550683603806039e-190, 0.0]
[0.0, 1.0, 2.1395619438653996e-153, 0.0]
[1.0, 0.0, 0.0, 2.873496793830557e-202]
[0.0, 0.0, 1.0, 0.0]
[0.0, 8.826497890182644e-90, 1.3198605987549649e-275, 1.0]
[1.0, 4.2111992246303266e-259, 0.0, 1.9790118467274602e-49]
[1.0, 0.0, 0.0, 2.968381543582999e-181]
[0.0, 0.0, 1.0, 0.0]
[0.0, 1.0, 6.332051676862661e-197, 0.0]
[1.0, 0.0, 0.0, 3.446065635582302e-179]
[0.0, 1.0, 7.818640473676583e-101, 0.0]
[1.0, 0.0, 0.0, 3.7155624840593e-233]
[1.0, 0.0, 0.0, 4.147920050239315e-219]
[0.0, 6.929093770834103e-198, 0.0, 1.0]
[0.0, 4.557580607854628e-196, 0.0, 1.0]
[0.0, 6.889650880150449e-101, 1.8252293875654792e-228, 1.0]
[0.0, 1.0, 9.56939387493443e-173, 1.0965646385001232e-97]
[0.0, 1.0, 1.3735533322552145e-159, 0.0]
[1.0, 0.0, 0.0, 2.454570578378768e-239]
[1.0, 0.0, 0.0, 6.501445314348021e-225]
[1.0, 0.0, 0.0, 3.053850074517895e-171]
[0.0, 5.055722038353051e-22, 5.069604634928913e-202, 1.0]
[0.0, 3.928973256041855e-89, 2.023598460804412e-287, 1.0]
[0.0, 2.1070303843992718e-190, 0.0, 1.0]
[0.0, 4.922433536424672e-205, 0.0, 1.0]
[0.0, 2.1007720365175903e-181, 0.0, 1.0]
[0.0, 1.0, 3.55815511156925e-199, 5.219678566203198e-280]
[0.0, 8.990858523342882e-205, 0.0, 1.0]
[1.0, 0.0, 0.0, 3.320090460893784e-218]
[1.0, 0.0, 0.0, 5.617478522267554e-176]
[1.0, 0.0, 0.0, 1.3172645072773735e-239]
[2.427223960489497e-53, 1.9298926253891175e-203, 0.0, 1.0]
[1.0, 0.0, 0.0, 1.6818718670394807e-242]
[0.0, 1.0, 5.324669426165838e-186, 0.0]
[1.0, 0.0, 0.0, 1.8240551953054083e-242]
[1.0, 0.0, 0.0, 1.342165862454523e-239]
[1.0, 0.0, 0.0, 7.287245238252523e-217]
[0.0, 1.0, 4.2132083896707986e-201, 3.820742662714037e-274]
[0.0, 1.0, 6.012144457843565e-73, 0.0]
[0.0, 3.762034951508343e-130, 1.802264496272974e-308, 1.0]
[1.0, 0.0, 0.0, 9.709625076378732e-240]
[0.0, 1.0, 2.7230963784711822e-198, 0.0]
[0.0, 0.0, 1.0, 0.0]
[0.0, 1.0, 1.389377510115466e-198, 7.721617462553828e-294]
[1.0, 0.0, 0.0, 2.5995816891303738e-217]
[1.0, 0.0, 0.0, 1.3659729852015905e-194]
[0.0, 7.225183924484056e-106, 6.114681499166978e-282, 1.0]
[0.0, 1.0, 7.401671845785974e-208, 1.8948671575728117e-85]
[0.0, 2.6037779769597716e-63, 3.62104742801425e-259, 1.0]
[1.0, 1.0161212829492749e-240, 0.0, 5.400837934024582e-32]
[1.0, 0.0, 0.0, 1.1457130821424979e-238]
[1.0, 0.0, 0.0, 4.061912003429701e-201]
[0.0, 1.0, 8.008678464034899e-202, 3.575297382017374e-73]
[0.0, 2.5097989576476508e-161, 0.0, 1.0]
[0.0, 1.0, 1.1341603124741173e-208, 4.425765701056243e-65]
[1.3618888422074498e-139, 1.9831329579245223e-200, 0.0, 1.0]
[0.0, 1.0, 1.076572335614446e-25, 0.0]
[1.0, 0.0, 0.0, 2.2388420866700714e-241]
[0.0, 1.0, 2.574237384049671e-203, 8.802505278348716e-27]
[0.0, 1.0, 1.0880449489010306e-39, 0.0]
[0.0, 4.862916899825052e-63, 1.0, 0.0]
[1.0, 7.920650737385708e-238, 0.0, 1.2319395223517465e-30]
[0.0, 1.0, 3.1975542974979726e-85, 0.0]
[0.0, 1.0671749153319295e-163, 0.0, 1.0]
[0.0, 1.8128566013204024e-52, 6.767283771909641e-237, 1.0]
[1.2565522224612368e-61, 2.4085419950102645e-204, 0.0, 1.0]
[0.0, 1.0, 1.4836967108692275e-154, 0.0]
[0.0, 0.0, 1.0, 0.0]
[0.0, 1.0, 9.276707538925236e-174, 0.0]
[0.0, 1.1250587278900954e-66, 4.164828542838579e-265, 1.0]
[1.0, 1.3067226713431417e-224, 0.0, 6.746733514008685e-16]
[0.0, 1.0, 3.435859509648681e-195, 4.1567852034557775e-154]
[0.0, 1.0, 3.4192332801385895e-182, 1.7316707081614227e-163]
[0.0, 0.0, 1.0, 0.0]
[0.0, 0.0, 1.0, 0.0]
[1.0, 0.0, 0.0, 7.8110470658858e-242]
[0.0, 1.0, 4.202005359865073e-138, 0.0]
[1.0, 0.0, 0.0, 5.084168880299187e-159]
[0.0, 1.0, 8.386261814558845e-139, 0.0]
[0.0, 1.847987353375874e-55, 1.0, 0.0]
[0.0, 8.616280399863411e-205, 0.0, 1.0]
[1.0, 0.0, 0.0, 5.310544690905929e-243]
[0.0, 1.0, 1.2899804351427038e-190, 7.31494359193929e-192]
[0.0, 1.0, 1.2041386010056458e-152, 0.0]
[0.0, 1.2916153241618947e-90, 2.614768771298334e-294, 1.0]
[0.0, 1.0, 2.18164418547742e-171, 0.0]
[0.0, 3.0161261771160284e-08, 2.1941601954498656e-202, 0.999999969838655]
[0.0, 1.0, 7.313135947592219e-193, 2.2479590327883526e-30]
[0.0, 1.0, 7.313141190261471e-205, 0.0]
[0.0, 0.0, 1.0, 0.0]
[0.0, 1.0, 2.731130959517771e-158, 0.0]
[0.0, 7.811708727268791e-194, 0.0, 1.0]
[0.0, 2.4451871633615418e-228, 1.0, 0.0]
[1.0, 0.0, 0.0, 6.086688994292323e-233]
[0.0, 1.234555199839411e-195, 0.0, 1.0]
[0.0, 4.458629999534296e-156, 2.75106e-319, 1.0]
[1.0, 0.0, 0.0, 1.754603031493375e-208]
[0.0, 8.957254211561743e-88, 6.446365876077862e-276, 1.0]
[1.0, 0.0, 0.0, 3.036492618351533e-235]
[0.0, 0.0, 1.0, 0.0]
[1.0, 0.0, 0.0, 3.7043466464547945e-132]
[0.0, 8.459474840177985e-181, 0.0, 1.0]
[0.0, 1.0, 4.3113366550985123e-63, 0.0]
[1.0, 0.0, 0.0, 6.07563254016825e-217]
[0.0, 1.0, 2.7810636586688e-162, 0.0]
[1.0, 0.0, 0.0, 6.386244103914886e-133]
[0.0, 0.0, 1.0, 0.0]
[0.0, 1.3109791524081853e-197, 0.0, 1.0]
[0.0, 0.0, 1.0, 0.0]
[0.0, 1.0, 1.3161184998033934e-204, 3.297000699610355e-144]
[0.0, 1.0, 3.888112795769623e-29, 0.0]
[0.0, 3.469307711289972e-175, 0.0, 1.0]
[0.0, 2.9778963377790956e-174, 0.0, 1.0]
[1.0, 9.945089304654757e-257, 0.0, 7.438948442464487e-46]
[0.0, 1.0, 2.936113188487109e-133, 0.0]
[0.0, 6.67646458576244e-309, 1.0, 0.0]
[1.0, 0.0, 0.0, 1.4659627391924883e-206]
[1.0, 0.0, 0.0, 1.5159510539885728e-217]
[1.0, 0.0, 0.0, 2.0834312782582443e-238]
[0.0, 1.0, 8.356562065291002e-183, 0.0]
[1.0, 0.0, 0.0, 9.790940765678983e-239]
[0.0, 1.770383508080012e-28, 8.23569248876109e-236, 1.0]
[0.0, 1.0, 7.953556643556364e-54, 0.0]
[1.0, 0.0, 0.0, 9.55796642131143e-202]
[0.0, 1.0, 6.0225052227107e-85, 0.0]
[0.0, 1.528363144011422e-181, 0.0, 1.0]
[0.0, 0.0, 1.0, 0.0]
[0.0, 1.0, 2.8954747975888305e-167, 0.0]
[1.0, 0.0, 0.0, 6.755171842229624e-171]
[0.0, 1.0, 1.4975096016917798e-183, 0.0]
[0.0, 3.125074202067544e-196, 0.0, 1.0]
[0.0, 2.940015185568072e-306, 1.0, 0.0]
[0.0, 8.53363287927298e-208, 0.0, 1.0]
[1.0, 0.0, 0.0, 8.306526060448224e-152]
[0.0, 0.0, 1.0, 0.0]
[0.0, 2.853713500719964e-187, 0.0, 1.0]
[9.313544969365461e-184, 1.9278611535961885e-203, 0.0, 1.0]
[1.0, 0.0, 0.0, 2.3815152708532427e-235]
[0.0, 3.163386641036091e-45, 1.2985801264531005e-240, 1.0]
[1.0, 0.0, 0.0, 1.503521498245126e-218]
[0.0, 1.0, 3.0146993031541136e-192, 3.3813830233574624e-166]
[0.0, 4.912059651874971e-78, 3.226497303902084e-280, 1.0]
[0.0, 1.0, 4.557604580607969e-193, 0.0]
[0.0, 0.0, 1.0, 0.0]
[0.0, 1.0, 2.924011518155277e-173, 0.0]
[0.0, 6.3632518765383166e-43, 1.0, 0.0]
[1.0, 0.0, 0.0, 2.7380217495477018e-229]
[0.0, 1.0, 1.355467861757616e-206, 2.2689516308456657e-17]
[1.0, 1.889747e-318, 0.0, 1.3941023691398346e-119]
[1.0, 0.0, 0.0, 1.3071505190264186e-240]
[1.0, 0.0, 0.0, 1.2930789320423373e-241]
[0.0, 4.393862538046914e-195, 0.0, 1.0]
[0.0, 1.4255844829036452e-148, 0.0, 1.0]
[0.0, 0.0, 1.0, 0.0]
[0.0, 2.0079660689053528e-103, 2.6236851732714964e-296, 1.0]
[0.0, 6.405796482885066e-190, 0.0, 1.0]
[1.0, 0.0, 0.0, 1.3727897030957402e-216]
[0.0, 1.3726411835662188e-168, 0.0, 1.0]
[0.0, 1.0409018855613886e-112, 8.181454244392e-311, 1.0]
[1.0, 0.0, 0.0, 6.792268720231087e-211]
[0.0, 6.59371929493135e-303, 1.0, 0.0]
[1.0, 0.0, 0.0, 3.9220878016650363e-177]
[0.0, 4.981918601040911e-35, 2.472028705523412e-215, 1.0]
[0.0, 1.0, 2.230157730522393e-186, 5.801534224247943e-194]
[1.0, 0.0, 0.0, 8.700804883837775e-240]
[0.0, 1.6816345645260455e-169, 0.0, 1.0]
[0.0, 3.777527910261722e-77, 2.42399152396108e-280, 1.0]
[1.0, 0.0, 0.0, 1.292790740077869e-239]
[0.0, 1.0, 2.0175013868992695e-146, 0.0]
[6.957807340433881e-76, 4.060586256967398e-208, 0.0, 1.0]
[1.0, 0.0, 0.0, 6.093789750498313e-233]
[1.0, 0.0, 0.0, 2.6346234748232042e-135]
[0.0, 0.0, 1.0, 0.0]
[1.0, 0.0, 0.0, 2.47218268226483e-242]
[4.8792405906266655e-237, 5.315141408124226e-204, 0.0, 1.0]
[0.0, 1.0, 1.3404120610007977e-193, 0.0]
[0.0, 1.8964598094127732e-202, 0.0, 1.0]
[0.0, 1.0, 8.920839717675694e-191, 2.137815194871956e-301]
[0.0, 2.486267529324732e-179, 0.0, 1.0]
[0.0, 1.7033543157127803e-143, 0.0, 1.0]
[0.0, 0.0, 1.0, 0.0]
[0.0, 7.040853811781016e-163, 0.0, 1.0]
[0.9999999942224349, 1.7501034005870394e-218, 0.0, 5.777582692970365e-09]
[1.0, 0.0, 0.0, 2.8090686792105432e-235]
[0.0, 1.0, 5.817018247699196e-209, 3.8243011736256665e-141]
[1.0, 0.0, 0.0, 6.246359163899314e-219]
[0.0, 1.7007027477347777e-81, 8.187263344416828e-261, 1.0]
[0.0, 5.005612951956856e-152, 1.0, 0.0]
[0.0, 1.0, 1.8946749286803576e-117, 0.0]
[1.0, 8.377944210166024e-283, 0.0, 1.5529925432473364e-72]
[0.0, 1.0, 3.330833266830252e-157, 0.0]
[0.0, 1.5060280514127098e-154, 0.0, 1.0]
[1.0, 0.0, 0.0, 7.3353915360227895e-205]
[1.0, 0.0, 0.0, 2.15869408945214e-177]
[1.0, 0.0, 0.0, 3.668023949876758e-238]
[0.0, 1.336037133789485e-152, 0.0, 1.0]
[0.0, 1.0, 3.132665950170525e-203, 1.2794439298853862e-111]
[0.0, 3.7542701711446132e-106, 1.027491075787483e-304, 1.0]
[1.0, 0.0, 0.0, 1.7229663828598625e-220]
[1.7456861117327388e-81, 2.651019317210557e-200, 0.0, 1.0]
[1.0, 0.0, 0.0, 9.040495891799919e-212]
[0.0, 1.0, 5.2103069712375173e-194, 6.52378583979366e-148]
[0.0, 1.0, 4.33612447243155e-201, 4.730214497215083e-91]
[1.0, 0.0, 0.0, 5.29461474113174e-202]
[0.0, 0.0, 1.0, 0.0]
[1.0, 0.0, 0.0, 1.4629938697443517e-214]
[0.0, 4.352165730150815e-23, 5.329449577648727e-221, 1.0]
[1.0, 4.128698264027e-312, 0.0, 7.007048930338988e-104]
[0.0, 1.0, 6.330666946630615e-198, 5.6327454618483254e-288]
[0.0, 1.2315496596859651e-74, 2.817274572613717e-261, 1.0]
[7.953698449127709e-101, 2.057011667164961e-207, 0.0, 1.0]
[0.0, 0.0, 1.0, 0.0]
[1.0, 0.0, 0.0, 3.9620144195254975e-226]
[2.0828142297690898e-88, 8.878072851750035e-208, 0.0, 1.0]
[0.0, 1.0, 1.669430888709354e-161, 0.0]
[1.0, 0.0, 0.0, 6.584194968907784e-242]
[6.4e-323, 2.7462397129037557e-205, 0.0, 1.0]
[0.0, 3.6815445324373963e-131, 5.5246e-320, 1.0]
[1.0, 0.0, 0.0, 1.956010337141541e-189]
[1.0, 0.0, 0.0, 2.4957561246198863e-242]
[0.0, 2.3551605165623016e-152, 0.0, 1.0]
[0.0, 0.0, 1.0, 0.0]
[0.0, 1.0, 1.5435993511477702e-73, 0.0]
[1.0, 0.0, 0.0, 6.326994387482895e-166]
[0.0, 1.0, 6.88641748010018e-59, 0.0]
[1.0, 0.0, 0.0, 3.6598341808075425e-135]
[0.0, 0.0, 1.0, 0.0]
[0.0, 4.263042985034694e-182, 0.0, 1.0]
[0.0, 2.3831545879372996e-19, 1.0, 0.0]
[1.0, 0.0, 0.0, 1.8897884282255476e-153]
[1.0, 0.0, 0.0, 8.750977185296899e-231]
[0.0, 2.178205232728299e-159, 0.0, 1.0]
[1.0, 0.0, 0.0, 1.3567052063266512e-238]
[8.650154044841138e-55, 4.295917966242859e-207, 0.0, 1.0]
[0.0, 5.052622771160354e-36, 3.6749988425111017e-236, 1.0]
[0.0, 1.0, 4.4109835418427696e-187, 5.9142575583067503e-95]
[1.0, 0.0, 0.0, 3.0208145059999974e-226]
[1.0, 0.0, 0.0, 1.6415389065300086e-232]
[1.0, 0.0, 0.0, 5.760208242294468e-234]
[1.8057533152263057e-62, 2.771831673741044e-210, 0.0, 1.0]
[0.0, 1.0, 2.965756474605773e-179, 0.0]
[1.0, 0.0, 0.0, 7.58453285150866e-134]
[1.0, 0.0, 0.0, 9.69288557925819e-218]
[0.0, 1.0, 9.59106784124485e-192, 3.322553052452579e-54]
[0.0, 1.1867221493897884e-239, 1.0, 0.0]
[1.0, 0.0, 0.0, 1.3958706722978922e-239]
[0.0, 1.0, 7.70911132252125e-204, 5e-324]
[0.0, 1.0, 4.297478802657756e-168, 0.0]
[0.0, 1.3042719803257004e-185, 0.0, 1.0]
[0.0, 4.895042267081582e-173, 0.0, 1.0]
[0.0, 1.0, 5.504313350475218e-29, 0.0]
[0.0, 1.0, 4.579823202167292e-193, 1.7063987128567713e-258]
[0.0, 5.053289916886063e-69, 2.6068859200173417e-264, 1.0]
[1.0, 9.6053223873117e-238, 0.0, 1.5837713193708323e-38]
[0.0, 1.0, 2.71548667900125e-178, 0.0]
[0.0, 1.0, 2.536022469262691e-205, 7.867363893195858e-30]
[1.0, 0.0, 0.0, 2.535732163129488e-241]
[0.0, 0.0, 1.0, 0.0]
[1.0, 0.0, 0.0, 2.909388010136292e-145]
[0.0, 1.0, 1.3432968928267125e-195, 1.789710668635417e-207]
[0.0, 8.422398087553598e-197, 0.0, 1.0]
[1.0, 0.0, 0.0, 2.484182356066154e-241]
[0.0, 1.9343143165264762e-176, 0.0, 1.0]
[0.0, 3.936342686261359e-199, 0.0, 1.0]
[0.0, 2.467120344875858e-167, 0.0, 1.0]
[1.0, 0.0, 0.0, 1.1941809807693361e-219]
[1.0, 0.0, 0.0, 5.569571838457627e-180]
[1.0, 0.0, 0.0, 5.19025410676934e-125]
[0.0, 0.0, 1.0, 0.0]
[0.0, 1.0, 1.0561626031193015e-122, 0.0]
[0.0, 0.0, 1.0, 0.0]
[1.0, 0.0, 0.0, 7.658828944831938e-206]
[1.0, 0.0, 0.0, 5.635138601506653e-174]
[0.0, 3.032748346419787e-148, 1.0, 0.0]
[0.0, 7.184302440025414e-77, 9.302111871205303e-277, 1.0]
[0.0, 1.0, 1.729235968781711e-85, 0.0]
[1.0, 0.0, 0.0, 5.830256106701278e-234]
[0.0, 0.0, 1.0, 0.0]
[0.0, 1.0, 9.366662716891516e-188, 1.3435828803777298e-181]
[1.0, 3.864542007506232e-297, 0.0, 5.269985125505479e-88]
[1.0, 1.949771065140629e-276, 0.0, 6.14276915718092e-126]
[1.0, 0.0, 0.0, 1.253027413992634e-240]
[0.0, 1.0, 1.273402477763431e-122, 0.0]
[1.0, 0.0, 0.0, 4.662265494729352e-241]
[0.0, 1.0, 1.493623324478724e-122, 0.0]
[0.0, 1.0, 1.4643287862537918e-201, 3.5125513586531064e-28]
[1.0, 0.0, 0.0, 3.7391763882079964e-207]
[0.0, 7.026348322077794e-192, 0.0, 1.0]
[0.0, 3.884286032596043e-199, 0.0, 1.0]
[0.0, 8.091162254792594e-57, 1.0, 0.0]
[0.0, 1.0, 2.05642262568509e-198, 0.0]
[0.0, 0.0, 1.0, 0.0]
[1.0, 0.0, 0.0, 2.1888453674841493e-242]
[0.0, 1.0, 2.455636902386467e-198, 0.0]
[0.0, 2.820615662919242e-13, 0.9999999999997726, 0.0]
[0.0, 1.0, 2.691566099597245e-174, 3.8076196876868355e-212]
[0.0, 1.0, 1.750800125536323e-177, 1.6021702429626785e-119]
[0.0, 1.0, 3.3665249334673865e-81, 0.0]
[9.247275783597445e-181, 1.5821812091152952e-204, 0.0, 1.0]
[0.0, 1.0, 8.837009483417098e-88, 0.0]
[1.0, 0.0, 0.0, 6.923154759382988e-180]
[1.0, 0.0, 0.0, 2.2172759289625067e-242]
[1.0, 0.0, 0.0, 8.721405753922523e-181]
[1.0, 0.0, 0.0, 1.0209181679145575e-213]
[1.0, 0.0, 0.0, 2.3648154086278873e-226]
[0.0, 1.0, 1.0655067477509687e-206, 1.2524688591077517e-91]
[1.0, 0.0, 0.0, 9.383490808442735e-219]
[0.0, 3.2557710327201333e-146, 0.0, 1.0]
[1.0, 0.0, 0.0, 3.957837954124309e-226]
[0.0, 7.634679791824475e-113, 1.252913547549673e-298, 1.0]
[0.0, 1.0, 9.348299900065466e-129, 0.0]
[0.0, 6.700544003158577e-115, 4.511591887841954e-303, 1.0]
[2.9383160362349523e-255, 1.2450927076177058e-204, 0.0, 1.0]
[1.0, 1.4125186860604821e-241, 0.0, 1.0477891814224689e-33]
[1.0, 0.0, 0.0, 1.9248858550595034e-242]
[1.0, 0.0, 0.0, 1.2910203183408092e-231]
[1.0, 0.0, 0.0, 5.991611332596374e-130]
[0.0, 1.0, 4.4046056191211425e-112, 0.0]
[0.0, 1.0, 8.957088213993033e-185, 4.191423494143757e-238]
[1.0, 0.0, 0.0, 3.9873429145024435e-235]
[0.0, 3.720000062786998e-37, 1.0, 0.0]
[5.638107834768213e-176, 2.0392328623614914e-205, 0.0, 1.0]
[0.0, 1.0, 1.4307552770474235e-199, 5.622952937765643e-194]
[0.0, 1.2971320694641507e-72, 4.001466365198102e-265, 1.0]
[1.0, 0.0, 0.0, 8.440623308115411e-242]
[1.0, 0.0, 0.0, 2.233510716260086e-236]
[0.0, 1.0, 1.5469423328780425e-26, 0.0]
[0.0, 1.0, 3.0371643666279177e-47, 0.0]
[1.0, 0.0, 0.0, 2.4837865120764116e-192]
[0.0, 5.2820226972135256e-194, 1.0, 0.0]
[1.0, 0.0, 0.0, 1.6664520649819393e-225]
[1.0, 0.0, 0.0, 1.830268019942605e-188]
[0.0, 0.0, 1.0, 0.0]
[1.0, 0.0, 0.0, 8.364862618054841e-150]
[1.0, 0.0, 0.0, 1.8469410462966455e-169]
[0.0, 1.0, 1.6178984764271623e-194, 1.9804746870913427e-256]
[0.0, 1.0, 8.618797489955567e-95, 0.0]
[1.0, 0.0, 0.0, 2.3092635089838057e-239]
[0.0, 1.0, 3.0657201727627324e-68, 0.0]
[0.0, 1.0, 2.7901285598319662e-111, 0.0]
[1.0, 0.0, 0.0, 3.1655487060204655e-233]
[0.0, 1.0, 5.956961481773358e-184, 0.0]
[0.0, 3.3318348217090628e-43, 1.8333266354984307e-246, 1.0]
[1.0, 0.0, 0.0, 7.764257216847194e-129]
[0.0, 5.2991042007327495e-194, 0.0, 1.0]
[0.0, 1.0, 8.608004148582686e-128, 0.0]
[0.0, 1.0, 3.0857969863079815e-150, 0.0]
[0.0, 1.0, 3.746772522364942e-15, 0.0]
[0.0, 7.225941711292678e-199, 0.0, 1.0]
[0.0, 1.0, 2.7145065752137703e-180, 2.539618951093322e-237]
[0.0, 1.4454434920123389e-49, 4.371252092125808e-237, 1.0]
[0.0, 8.832242304908175e-68, 2.2236870801287837e-273, 1.0]
[1.0, 0.0, 0.0, 2.2766271607788028e-235]
[0.0, 1.0, 1.877621726449013e-182, 0.0]
[0.0, 1.5544159960697324e-72, 8.534906618857943e-274, 1.0]
[6.51645622574372e-36, 1.1027011657862561e-209, 0.0, 1.0]
[0.0, 1.0504764621065777e-269, 1.0, 0.0]
[0.0, 1.0, 1.0123528512584068e-128, 0.0]
[1.0, 0.0, 0.0, 3.836798728392782e-232]
[0.0, 9.729032157578442e-193, 0.0, 1.0]
[0.0, 1.0, 1.3342456732886499e-151, 0.0]
[1.0, 1.01086e-319, 0.0, 3.9415447366026945e-113]
[1.0, 0.0, 0.0, 3.921981523131282e-191]
[0.0, 1.0, 9.53380161279298e-64, 0.0]
[0.0, 2.237835159017084e-71, 2.7610767842450355e-269, 1.0]
[0.0, 8.31878827515003e-207, 0.0, 1.0]
[0.0, 1.0, 6.812216393052613e-188, 4.986923992111027e-100]
[0.0, 0.0, 1.0, 0.0]
[0.0, 1.0, 7.230155230222949e-202, 8.086010406264264e-253]
[0.0, 0.0, 1.0, 0.0]
[1.0, 0.0, 0.0, 2.4792134146730145e-222]
[0.0, 1.0189877372995134e-115, 9.62186514288676e-308, 1.0]
[1.0, 0.0, 0.0, 5.176066132851672e-154]
[1.0, 0.0, 0.0, 2.1388110060825025e-215]
[0.0, 0.0, 1.0, 0.0]
[1.0, 0.0, 0.0, 1.677706380498053e-199]
[0.0, 1.0, 6.407768838533405e-188, 0.0]
[0.0, 0.0, 1.0, 0.0]
[0.0, 1.0, 1.1719795304524745e-168, 0.0]
[1.0, 0.0, 0.0, 5.658383863134487e-184]
[0.0, 0.0, 1.0, 0.0]
[0.0, 2.5859576976345463e-156, 0.0, 1.0]
[0.0, 1.0, 9.193580301835424e-155, 0.0]
[1.0, 0.0, 0.0, 3.772561176377199e-236]
[1.0, 0.0, 0.0, 5.036130384410486e-226]
[0.0, 8.999701085814613e-224, 1.0, 0.0]
[0.0, 5.598141859210893e-205, 0.0, 1.0]
[0.0, 1.7683818211093043e-198, 0.0, 1.0]
[0.0, 0.9999999999949978, 4.992790485053334e-12, 0.0]
[0.0, 2.3450169115391394e-145, 0.0, 1.0]
[0.0, 0.0, 1.0, 0.0]
[1.0, 0.0, 0.0, 6.0617247535528365e-245]
[0.0, 1.412717263398236e-183, 0.0, 1.0]
[0.0, 1.0, 7.072329194555889e-194, 2.5599137606725177e-55]
[0.0, 1.0, 1.3081067974954803e-157, 0.0]
[0.0, 1.5100332001916893e-202, 0.0, 1.0]
[0.0, 1.0, 3.752079341134471e-195, 0.0]
[1.0, 0.0, 0.0, 1.3310460694297242e-212]
[0.0, 1.0, 2.698814718288025e-164, 0.0]
[1.0, 0.0, 0.0, 9.232548269839486e-213]
[0.0, 0.00013306574104659345, 0.9998669342588621, 0.0]
[0.0, 1.0, 1.4082173029800012e-203, 4.5555232653144866e-231]
[0.0, 3.0355591871180357e-186, 0.0, 1.0]
[7.257059057202507e-201, 3.3532779595062274e-205, 0.0, 1.0]
[0.0, 0.0, 1.0, 0.0]
[0.0, 1.0, 5.22578746351521e-124, 0.0]
[0.0, 0.0, 1.0, 0.0]
[1.0, 5.3438372e-316, 0.0, 8.83399897176898e-107]
[0.0, 6.800291415301246e-190, 0.0, 1.0]
[1.0, 0.0, 0.0, 7.271334976767695e-223]
[0.0, 1.0, 9.301123129106303e-96, 0.0]
[0.0, 0.0, 1.0, 0.0]
[0.0, 1.0, 3.0109722296645635e-194, 8.470414094064428e-143]
[0.0, 0.0, 1.0, 0.0]
[0.0, 1.0, 1.0878041920859856e-188, 0.0]
[0.0, 9.144037630830172e-81, 2.3079903896923773e-262, 1.0]
[0.0, 1.0, 1.3808291798005436e-196, 0.0]
[0.0, 0.0, 1.0, 0.0]
[1.0, 0.0, 0.0, 9.08492361726809e-175]
[0.0, 1.0, 2.9126952076655018e-67, 0.0]
[0.0, 1.0, 5.659065679863196e-97, 0.0]
[0.0, 1.0, 3.0061625558931973e-205, 7.513179105542996e-211]
[1.0, 2.3847961034807138e-290, 0.0, 5.094297597753656e-84]
[0.0, 0.0, 1.0, 0.0]
[1.0, 0.0, 0.0, 3.3443433538184474e-193]
[0.0, 1.0, 1.3859938835921992e-206, 6.09208342379042e-51]
[0.0, 3.62113024364504e-45, 1.6599856527107978e-249, 1.0]
[1.0, 0.0, 0.0, 2.832527392123602e-213]
[1.0, 0.0, 0.0, 2.29012628206764e-202]
[0.0, 1.0, 2.2433845745939447e-194, 3.489685079099919e-184]
[0.0, 1.0, 5.9011780302782036e-93, 0.0]
[1.0951741536335048e-23, 1.2487293792576936e-209, 0.0, 1.0]
[1.0, 1.5881573731788562e-238, 0.0, 2.4219067399784928e-39]
[1.0, 0.0, 0.0, 5.39472948827482e-228]
[0.0, 1.3359369002665766e-97, 2.382604774214992e-289, 1.0]
[0.0, 1.0, 6.837556444479248e-102, 0.0]
[0.0, 1.0, 1.0558738078610876e-207, 2.682644263426037e-89]
[1.0, 0.0, 0.0, 1.9216498900803807e-234]
[0.0, 1.18385902794987e-105, 2.2804148222219773e-301, 1.0]
[0.0, 1.0, 1.1352876757834861e-17, 0.0]
[0.0, 1.2624177139164194e-88, 1.0, 0.0]
[1.0, 0.0, 0.0, 2.353224027796399e-127]
[0.0, 1.0, 1.5900948523444032e-192, 0.0]
[0.0, 1.0, 2.1714027337256866e-142, 0.0]
[1.0, 0.0, 0.0, 1.746404929086661e-166]
[0.0, 2.6491102509848196e-20, 1.0, 0.0]
[0.0, 1.0, 8.350356251252501e-95, 0.0]
[0.0, 3.952454094282795e-197, 0.0, 1.0]
[0.0, 4.194079391920678e-80, 5.0784441814984485e-281, 1.0]
[0.0, 0.0, 1.0, 0.0]
[0.0, 2.155030882048123e-192, 0.0, 1.0]
[0.0, 0.0, 1.0, 0.0]
[0.0, 0.0, 1.0, 0.0]
[0.0, 1.0, 5.148020022391136e-153, 0.0]
[0.0, 8.37503502492404e-23, 1.0, 0.0]
[0.0, 1.0, 2.1062947513948618e-147, 0.0]
[0.0, 1.0, 1.5481921872029387e-135, 0.0]
[1.0, 0.0, 0.0, 1.1134236586619378e-183]
[0.0, 0.0, 1.0, 0.0]
[0.0, 1.2854356885609851e-142, 0.0, 1.0]
[1.4816948541067636e-137, 4.357782052457232e-203, 0.0, 1.0]
[0.0, 5.858497964025675e-149, 0.0, 1.0]
[0.0, 1.0, 2.031280032088738e-195, 4.936284793083944e-137]
[0.0, 5.975665955696281e-253, 1.0, 0.0]
[0.0, 1.0, 4.7375320857975445e-162, 0.0]
[0.0, 1.0, 3.509090759204734e-195, 7.855031357842177e-290]
[1.0, 0.0, 0.0, 2.846015616046362e-226]
[1.0, 0.0, 0.0, 7.521342568080289e-238]
[0.0, 6.442156159131118e-152, 0.0, 1.0]
[1.0, 0.0, 0.0, 7.81709232064756e-242]
[1.0, 0.0, 0.0, 2.7034575786046147e-227]
[0.0, 1.0, 3.8498351293973564e-61, 0.0]
[0.0, 1.0, 1.7566591764195638e-103, 0.0]
[0.0, 1.0, 3.906322666612775e-161, 0.0]
[0.0, 7.693438544786644e-151, 0.0, 1.0]
[0.0, 2.0256118283132833e-50, 4.1545396779657e-249, 1.0]
[0.0, 4.9369764869779784e-192, 0.0, 1.0]
[0.0, 2.794851550303225e-48, 1.0, 0.0]
[0.0, 4.8243383904776804e-79, 1.7756055169898943e-275, 1.0]
[2.5649696010372242e-213, 4.115865948478035e-205, 0.0, 1.0]
[0.0, 2.5261230192914338e-197, 1.0, 0.0]
[0.0, 1.0, 4.405129559513195e-177, 1.5967543647811678e-153]
[0.0, 1.0, 1.4451380750667616e-134, 0.0]
[1.0, 0.0, 0.0, 1.5144995970171933e-138]
[1.0, 0.0, 0.0, 9.078598691132644e-237]
[0.0, 2.7533561363024797e-218, 1.0, 0.0]
[1.0, 0.0, 0.0, 2.673598483780721e-243]
[1.0, 0.0, 0.0, 5.957068369432231e-222]
[0.0, 4.671761384658782e-195, 0.0, 1.0]
[0.0, 1.0, 1.9421113902619254e-30, 0.0]
[6.23e-322, 5.745878238590813e-207, 0.0, 1.0]
[1.0, 0.0, 0.0, 1.524070021821211e-239]
[0.0, 1.0, 2.455027024704156e-195, 1.8803923121430913e-229]
[1.0, 0.0, 0.0, 6.849502233410449e-206]
[0.0, 1.0, 1.2524073208629982e-196, 6.613440440069e-176]
[1.788598065533706e-61, 1.9122093598810304e-207, 0.0, 1.0]
[0.0, 1.0, 3.537074875692021e-138, 0.0]
[0.0, 5.27987096155222e-156, 0.0, 1.0]
[6.129114772058066e-122, 2.405314449667338e-208, 0.0, 1.0]
[1.0, 0.0, 0.0, 1.1773557259046357e-242]
[0.0, 0.0, 1.0, 0.0]
[0.0, 1.0, 2.8464197830244438e-204, 1.082894922599974e-78]
[0.0, 4.6664840874569223e-141, 1.0727667e-317, 1.0]
[0.0, 1.0, 3.5217272200930686e-189, 1.5966875125312713e-293]
[0.0, 0.0, 1.0, 0.0]
[0.0, 1.0, 2.5984205995050385e-201, 1.2173092431154307e-156]
[0.0, 3.2782572955333624e-134, 0.0, 1.0]
[0.0, 6.54888545043833e-79, 1.0, 0.0]
[1.0, 0.0, 0.0, 9.917944395062264e-212]
[0.0, 1.0, 2.91460790917583e-192, 2.5873215261820495e-180]
[0.0, 2.5520083332869637e-145, 1.0, 0.0]
[0.0, 4.979976458359997e-67, 2.6340631441987884e-261, 1.0]
[1.0, 0.0, 0.0, 7.538528681055799e-230]
[0.0, 1.0, 3.630166199881105e-203, 1.3043855755719905e-100]
[0.0, 3.579160005426454e-176, 0.0, 1.0]
[1.0, 0.0, 0.0, 2.434156936545066e-222]
[0.0, 1.0, 1.611682837129473e-51, 0.0]
[1.0, 0.0, 0.0, 8.904262311451578e-242]
[0.0, 1.7643857712398915e-105, 9.966276698232154e-299, 1.0]
[0.0, 0.0, 1.0, 0.0]
[1.0, 0.0, 0.0, 8.952852550572643e-242]
[0.0, 1.1574322365512796e-143, 0.0, 1.0]
[0.0, 7.084625937819001e-189, 0.0, 1.0]
[3.689931680983808e-80, 1.0012421111189511e-210, 0.0, 1.0]
[0.0, 7.068545190825838e-30, 1.0, 0.0]
[1.0, 0.0, 0.0, 1.9159417300594687e-199]
[0.0, 1.0, 1.6535441815888566e-112, 0.0]
[0.0, 1.0, 4.920314775146069e-203, 0.0]
[0.0, 1.0, 1.8228821883133157e-202, 1.6545504959300626e-52]
[0.0, 3.3804840830130944e-196, 0.0, 1.0]
[0.0, 0.0, 1.0, 0.0]
[0.0, 1.0, 1.0986260291409852e-193, 7.3957e-320]
[1.0, 0.0, 0.0, 5.067663589460501e-157]
[0.0, 1.0, 5.0333193089031004e-194, 0.0]
[0.0, 1.6657795995348497e-17, 3.9434020321203125e-199, 1.0]
[1.0, 0.0, 0.0, 3.572694900548679e-232]
[1.0, 9.014171041694485e-257, 0.0, 3.2103957448190307e-50]
[1.0, 0.0, 0.0, 1.6566497014005266e-209]
[0.0, 9.827406110962703e-184, 0.0, 1.0]
[1.0, 0.0, 0.0, 3.3571586977245856e-230]
[1.0, 0.0, 0.0, 5.4234666290885155e-219]
[0.0, 1.1531223893535963e-117, 9.234732213186652e-307, 1.0]
[0.0, 1.0, 8.154549315996125e-40, 0.0]
[0.0, 2.1857625151179578e-08, 0.9999999781423414, 0.0]
[1.0, 0.0, 0.0, 2.2242827628463744e-241]
[0.9999999999997726, 2.159597300666938e-216, 0.0, 1.9903999640977886e-13]
[0.0, 1.0, 8.493466448047927e-30, 0.0]
[0.0, 4.636543568833601e-205, 0.0, 1.0]
[1.0, 1.3067837247730326e-299, 0.0, 4.136318578195105e-90]
[1.0, 0.0, 0.0, 6.096781911968679e-236]
[1.0, 0.0, 0.0, 3.869598625706239e-229]
[0.0, 1.0, 1.7052276938248093e-195, 0.0]
[1.0, 0.0, 0.0, 1.349207028662187e-226]
[1.0, 0.0, 0.0, 2.5045371947837935e-154]
[0.0, 1.0, 2.142336309968348e-200, 6.970100630815057e-62]
[1.0, 0.0, 0.0, 6.668478680719237e-199]
[1.0, 0.0, 0.0, 2.9016034096719955e-205]
[0.0, 0.0, 1.0, 0.0]
[0.0, 1.0, 9.364937383237385e-44, 0.0]
[0.0, 1.0, 1.0696376514393974e-197, 7.972122803811194e-197]
[3.5725399284130955e-121, 1.4598056917585857e-198, 0.0, 1.0]
[1.0, 0.0, 0.0, 3.445104042100242e-227]
[0.0, 1.0, 1.2178862741825896e-189, 6.99385537684158e-196]
[0.0, 0.0, 1.0, 0.0]
[0.0, 0.0, 1.0, 0.0]
[0.0, 2.60933840879539e-181, 0.0, 1.0]
[0.0, 1.1561287186251079e-56, 1.0, 0.0]
[1.0, 0.0, 0.0, 1.6276433241061578e-212]
[0.0, 3.9813892316640774e-98, 1.5580296109535855e-289, 1.0]
[1.0, 0.0, 0.0, 1.1453067729929685e-221]
[1.0, 7.234666648333723e-301, 0.0, 5.7544573438774355e-99]
[1.0, 0.0, 0.0, 9.972554746603279e-241]
[0.0, 1.0568128500805271e-100, 2.0164717514910628e-293, 1.0]
[1.0, 0.0, 0.0, 2.3850072005443695e-223]
[0.0, 1.6498277488068537e-148, 6.4846e-320, 1.0]
[4.104030969147374e-15, 6.425245757040975e-209, 0.0, 1.0]
[1.0, 0.0, 0.0, 3.9630980459813076e-176]
[9.981948546220518e-15, 9.903816891989866e-209, 0.0, 1.0]
[0.0, 3.934070764818877e-145, 3.672816e-317, 1.0]
[0.0, 1.0, 1.2364714437786561e-186, 1.0700217483542394e-280]
[1.0, 0.0, 0.0, 4.770731038944033e-158]
[2.775035150283855e-138, 4.8444339046117346e-204, 0.0, 1.0]
[0.0, 0.0, 1.0, 0.0]
[0.0, 1.0, 1.0304591647229042e-204, 2.6771754716476816e-224]
[0.0, 1.0, 6.130453378608229e-207, 1.4842878391017598e-186]
[0.0, 0.0, 1.0, 0.0]
[0.0, 1.0, 2.6641213773028274e-200, 1.6593716783163701e-251]
[0.0, 1.0, 6.583823067658804e-208, 5.851556389124946e-202]
[0.0, 1.0, 2.6453913830812105e-195, 1.5861033433570724e-249]
[0.0, 1.8084179999426353e-06, 5.933506211807549e-207, 0.9999981915819243]
[0.0, 2.2659545759561913e-159, 0.0, 1.0]
[1.0, 0.0, 0.0, 2.764097061763463e-216]
[0.0, 1.0, 3.2531891335627886e-33, 0.0]
[1.0, 0.0, 0.0, 1.3804817261093082e-242]
[0.0, 2.029379211441442e-184, 0.0, 1.0]
[1.0, 0.0, 0.0, 2.5126123942196423e-227]
[2.698941247990061e-281, 1.9904783264156522e-207, 0.0, 1.0]
[0.0, 8.07399317992039e-196, 0.0, 1.0]
[0.0, 4.1944335612094634e-110, 6.310587467866374e-301, 1.0]
[0.0, 1.0, 1.3571526171630452e-194, 5.009483500942915e-178]
[1.0, 0.0, 0.0, 6.61438034088599e-209]
[0.0, 1.0, 5.071192850340044e-183, 3.4673911040986015e-112]
[0.0, 1.3690866229721315e-197, 0.0, 1.0]
[1.0, 6.77e-322, 0.0, 6.636214073519993e-112]
[0.0, 2.3846897420245533e-178, 0.0, 1.0]
[0.0, 0.0, 1.0, 0.0]
[1.0, 0.0, 0.0, 6.396065964345158e-120]
[1.0, 0.0, 0.0, 7.554652650286207e-212]
[0.0, 1.0, 7.914188310396418e-156, 0.0]
[1.0, 0.0, 0.0, 1.6861834813335101e-242]
[0.0, 3.86109118252496e-100, 2.0722520534596066e-270, 1.0]
[0.0, 6.847241440835203e-18, 7.270018028753076e-213, 1.0]
[0.0, 1.0, 1.2364145418612818e-194, 0.0]
[0.0, 0.0, 1.0, 0.0]
[1.0, 0.0, 0.0, 6.646338306103712e-242]
[0.0, 3.7191543397187156e-101, 2.379399432993184e-281, 1.0]
[0.0, 2.6418880135759952e-235, 1.0, 0.0]
[0.0, 1.1975465219756102e-177, 0.0, 1.0]
[0.0, 1.0, 2.0555961838928923e-196, 0.0]
[1.0, 0.0, 0.0, 1.7433205688087381e-240]
[0.0, 1.0, 9.059099203113488e-186, 0.0]
[0.0, 1.0, 5.206849716254069e-136, 0.0]
[0.0, 1.0, 3.1335335798723567e-150, 0.0]
[0.0, 1.0, 7.594942512137976e-134, 2.5205199166929837e-236]
[0.0, 1.0, 1.873366646051521e-207, 3.8776648023049156e-203]
[0.0, 7.274821450758125e-104, 8.998355202545139e-287, 1.0]
[0.0, 1.0, 2.565241845588596e-147, 0.0]
[0.0, 1.0, 5.855367248263024e-201, 7.910197261990527e-189]
[1.0, 0.0, 0.0, 1.5033455569891858e-188]
[0.0, 1.0, 2.9579429229187036e-204, 9.19063121973706e-16]
[1.0, 7.985019590202158e-289, 0.0, 9.2057176138772e-76]
[0.0, 0.9999999999899956, 1.2946379529188498e-192, 9.932071546062667e-12]
[0.0, 0.9999999997678515, 1.1202484786988327e-203, 2.3210795093452728e-10]
[0.0, 1.0, 6.046760757360391e-197, 1.7442095082258758e-114]
[0.0, 0.0, 1.0, 0.0]
[0.0, 1.0, 2.5942316405817954e-194, 3.7561767733495866e-185]
[0.0, 6.235785002168943e-67, 3.0176105352156546e-271, 1.0]
[1.0, 0.0, 0.0, 1.622279459446925e-138]
[1.0, 1.29258192937977e-309, 0.0, 3.67781107149666e-102]
[1.0, 6.004425787216914e-238, 0.0, 1.0237908645590085e-32]
[0.0, 3.6308808228633537e-202, 0.0, 1.0]
[0.0, 0.0, 1.0, 0.0]
[0.0, 1.2654709605776144e-167, 0.0, 1.0]
[0.0, 1.286962086665051e-200, 0.0, 1.0]
[1.0, 0.0, 0.0, 6.8849360565333835e-214]
[0.0, 1.0, 1.826742028950655e-166, 0.0]
[0.0, 1.0, 8.49771389848938e-195, 4.883503083909897e-171]
[0.0, 0.0, 1.0, 0.0]
[1.0, 0.0, 0.0, 1.1330900187230675e-222]
[4.705004523138843e-108, 2.996423030497418e-205, 0.0, 1.0]
[1.0, 0.0, 0.0, 5.296358876807682e-240]
[0.0, 1.0, 3.7486641763370284e-197, 0.0]
[1.0, 0.0, 0.0, 4.201451400645023e-226]
[1.0, 0.0, 0.0, 2.7607122913162433e-236]
[0.0, 5.0170769542694906e-173, 0.0, 1.0]
[0.0, 1.5769804042313352e-201, 0.0, 1.0]
[0.0, 3.1939423278869485e-06, 6.4204171890196e-200, 0.9999968060577505]
[0.0, 8.91883756070689e-175, 0.0, 1.0]
[8.905376292012906e-49, 8.608968719025642e-202, 0.0, 1.0]
[0.0, 1.0, 1.6806174810295645e-199, 7.385217004515182e-22]
[0.0, 5.779030124726622e-92, 6.497920496194878e-272, 1.0]
[0.0, 1.0, 2.8527515863409195e-168, 0.0]
[0.0, 1.6482055645985484e-68, 2.0610154890533454e-266, 1.0]
[9.813287318059835e-305, 1.6304968766345578e-207, 0.0, 1.0]
[0.0, 1.0, 3.2392498049727104e-188, 2.419255975761698e-16]
[1.0, 0.0, 0.0, 2.289650381206418e-144]
[1.0, 0.0, 0.0, 1.0153835468295383e-231]
[1.0, 0.0, 0.0, 1.2588749624395332e-171]
[0.0, 3.792950078269508e-16, 2.0489415994882807e-208, 1.0]
[1.0, 0.0, 0.0, 1.0463106053479098e-229]
[1.0, 0.0, 0.0, 1.2940013561059785e-192]
[2.973895657884447e-175, 2.6824370421664455e-207, 0.0, 1.0]
[1.0, 0.0, 0.0, 3.6539210069569505e-230]
[0.0, 1.0, 8.970905486782961e-67, 0.0]
[0.0, 3.6589795617686483e-56, 1.5832395368520685e-239, 1.0]
[0.0, 2.979013104063864e-129, 0.0, 1.0]
[0.0, 1.3320908416705683e-102, 1.0602905954406185e-282, 1.0]
[0.0, 0.0, 1.0, 0.0]
[0.0, 1.0, 7.36906756424641e-208, 5.826076795212291e-19]
[0.0, 6.077265404657636e-165, 0.0, 1.0]
[0.0, 1.0, 3.1677270774941673e-188, 0.0]
[1.2379725703021735e-11, 8.600639363768714e-213, 0.0, 0.9999999999877218]
[0.9999999176930067, 1.4460317127358923e-216, 0.0, 8.230699065708134e-08]
[0.0, 1.0, 8.274659029251919e-178, 0.0]
[1.0, 0.0, 0.0, 1.7716006322525372e-240]
[1.0, 0.0, 0.0, 2.8065051738115063e-236]
[0.0, 1.0, 1.916767481388682e-172, 0.0]
[0.0, 1.845155940881536e-147, 0.0, 1.0]
[0.0, 1.0, 6.5531247860572195e-111, 0.0]
[1.0, 0.0, 0.0, 3.8289560428098e-241]
[0.0, 1.0, 6.842572189603736e-34, 0.0]
[1.0, 0.0, 0.0, 1.245370940913041e-234]
[1.0, 0.0, 0.0, 4.822320214352939e-243]
[0.0, 1.4084644281669908e-69, 8.727130426440118e-261, 1.0]
[0.0, 1.0, 1.4330117209324943e-199, 4.508155104021521e-128]
[0.0, 1.0, 1.0989185405048652e-187, 1.2588072621500905e-86]
[0.0, 4.847505670691713e-109, 1.6753983226466023e-295, 1.0]
[0.0, 1.0, 3.142579459889971e-197, 5.86781325787472e-275]
[1.0, 0.0, 0.0, 7.825125402334733e-156]
[1.0, 0.0, 0.0, 4.466085497955656e-240]
[0.0, 2.99073e-318, 1.0, 0.0]
[1.0, 0.0, 0.0, 3.21116440243261e-243]
[1.0, 4.720090537241913e-280, 0.0, 8.502613695605773e-72]
[0.0, 1.0, 1.7563235857158172e-209, 1.00034217113413e-163]
[1.0, 7.393590996223581e-278, 0.0, 3.471704238718104e-73]
[6.612458234715771e-127, 2.402625533444929e-206, 0.0, 1.0]
[0.0, 1.2350754550120409e-112, 1.1528879216854282e-307, 1.0]
[1.0, 0.0, 0.0, 1.5784308801570996e-221]
[0.0, 1.0, 1.4517670549634927e-206, 9.184932418861572e-129]
[0.0, 1.0, 2.190975873275369e-186, 0.0]
[3.7662430720826877e-293, 1.0397183726965279e-197, 0.0, 1.0]
[0.0, 0.0, 1.0, 0.0]
[1.0, 0.0, 0.0, 7.88978774596064e-242]
[1.0, 0.0, 0.0, 8.855813712148864e-249]
[1.0, 7.905293401965598e-282, 0.0, 4.475460919748605e-73]
[1.0, 0.0, 0.0, 1.7499692540322065e-162]
[1.0, 0.0, 0.0, 7.543565799888318e-231]
[0.0, 0.0, 1.0, 0.0]
[0.0, 1.0, 1.140755546552211e-151, 0.0]
[1.0, 0.0, 0.0, 8.591663832842346e-196]
[0.0, 2.5215011629077098e-123, 1.0, 0.0]
[0.0, 1.0, 1.5152023950557014e-33, 0.0]
[0.0, 1.553072009254011e-193, 0.0, 1.0]
[0.0, 1.0, 9.162519002854975e-130, 0.0]
[1.0, 0.0, 0.0, 1.324029322538668e-229]
[0.0, 0.0, 1.0, 0.0]
[1.0, 0.0, 0.0, 2.542071216559933e-158]
[0.0, 0.0, 1.0, 0.0]
[0.0, 4.828559242046931e-69, 9.279823896063463e-249, 1.0]
[1.0, 0.0, 0.0, 2.2124026705178727e-241]
[0.0, 1.0, 1.6152571309018768e-62, 0.0]
[0.0, 1.0, 5.372761928943838e-199, 5e-324]
[0.0, 1.0821417442231991e-152, 0.0, 1.0]
[1.0, 1.9211247762673943e-225, 0.0, 1.331778599826088e-15]
[0.0, 1.0, 6.074311520542885e-203, 9.119493133793557e-114]
[1.0, 0.0, 0.0, 6.050438223770087e-241]
[0.0, 6.459813462067862e-38, 4.254315967299487e-199, 1.0]
[0.0, 1.6567007003832866e-203, 0.0, 1.0]
[0.0, 1.0, 7.679754509356345e-73, 0.0]
[1.0, 0.0, 0.0, 2.822602881971189e-221]
[1.0, 0.0, 0.0, 2.9869698232798903e-116]
[0.0, 6.305710578252275e-20, 1.0, 0.0]
[0.0, 1.0, 7.730172487487557e-179, 0.0]
[1.9670941863245902e-168, 5.099609681632696e-209, 0.0, 1.0]
[0.0, 1.7328546309188103e-46, 1.0345532795770247e-247, 1.0]
[0.0, 1.255079917564327e-144, 0.0, 1.0]
[1.0, 0.0, 0.0, 5.7342309908413997e-244]
[0.0, 1.0, 9.039137148324425e-139, 0.0]
[1.0, 0.0, 0.0, 1.2404456122122516e-235]
[0.0, 0.0, 1.0, 0.0]
[0.0, 1.0, 3.539749928616934e-116, 0.0]
[1.0, 0.0, 0.0, 1.095103854404421e-229]
[1.0, 0.0, 0.0, 6.802720872108461e-192]
[1.0, 0.0, 0.0, 8.845094654178024e-240]
[0.0, 1.0, 1.4108219194920723e-168, 0.0]
[1.0, 0.0, 0.0, 1.7748550982628954e-234]
[0.0, 0.0, 1.0, 0.0]
[0.0, 7.87750188642146e-194, 0.0, 1.0]
[0.0, 1.396829624437399e-84, 5.30322619032445e-268, 1.0]
[1.0, 0.0, 0.0, 5.501224955289373e-197]
[1.0, 0.0, 0.0, 4.161179962857373e-237]
[3.4651751737853025e-303, 3.394861418557052e-202, 0.0, 1.0]
[0.0, 1.0, 3.5643089935611914e-142, 0.0]
[1.0, 0.0, 0.0, 6.51449877384733e-241]
[1.0, 0.0, 0.0, 1.2388084064758497e-211]
[1.0, 1.72161e-318, 0.0, 5.0597999925712465e-120]
[0.0, 1.0, 1.4623033293087358e-196, 3.4725053104071226e-210]
[1.0, 9.718146598849146e-299, 0.0, 1.0258523793733591e-91]
[0.0, 1.0, 4.4306144182481395e-190, 6.294963761362005e-273]
[0.0, 1.0, 5.2379744220331075e-197, 3.391854687833839e-166]
[1.0, 0.0, 0.0, 8.008324583332792e-175]
[0.0, 0.0, 1.0, 0.0]
[0.0, 1.0, 1.4889419809322383e-202, 1.5897212003508965e-262]
[0.0, 3.6177465054913464e-191, 0.0, 1.0]
[0.0, 1.0, 2.6465297158402128e-188, 3.152946796172908e-100]
[0.0, 3.789404420722238e-149, 0.0, 1.0]
[1.0, 0.0, 0.0, 5.3345547441821215e-157]
[0.0, 0.0, 1.0, 0.0]
[1.0, 0.0, 0.0, 6.630592656418692e-238]
[0.0, 3.3073917063526736e-105, 4.0562749527733954e-294, 1.0]
[0.0, 1.0, 6.151686096088108e-185, 0.0]
[0.0, 1.0, 7.146038311899735e-211, 4.04528897787409e-61]
[1.0, 9.175771433008024e-303, 0.0, 1.4117710525356073e-94]
[1.0, 0.0, 0.0, 6.2048434979191546e-142]
[0.0, 2.8863136639451364e-198, 0.0, 1.0]
[0.0, 0.999999999329475, 6.70635951629957e-10, 0.0]
[1.0, 0.0, 0.0, 1.6392870920957404e-182]
[1.0099372325837309e-293, 3.780735616931117e-206, 0.0, 1.0]
[0.0, 3.418688579183618e-66, 1.0, 0.0]
[1.0, 0.0, 0.0, 3.01256552610388e-222]
[1.0, 4.061745690451703e-229, 0.0, 7.44548988939539e-18]
[1.0, 0.0, 0.0, 3.7695368396809554e-190]
[0.0, 0.0, 1.0, 0.0]
[1.0, 0.0, 0.0, 4.197531202007538e-241]
[1.0, 0.0, 0.0, 2.0058632139067867e-225]
[1.0, 0.0, 0.0, 6.245820500330093e-194]
[0.0, 1.0, 1.3979131116762648e-192, 0.0]
[1.0, 1.8710146805004176e-295, 0.0, 4.9293844624666966e-89]
[0.0, 3.648049581609845e-12, 0.999999999996362, 0.0]
[1.0, 0.0, 0.0, 1.9199716046196662e-231]
[0.0, 2.1465603112025067e-92, 8.406755476440018e-244, 1.0]
[0.0, 1.4381202090503006e-160, 0.0, 1.0]
[0.0, 2.5640977555503e-311, 1.0, 0.0]
[0.0, 0.0, 1.0, 0.0]
[0.0, 1.0, 2.1310959002421465e-166, 0.0]
[1.0, 0.0, 0.0, 5.833107199959471e-241]
[0.0, 1.0, 6.423213715813469e-205, 3.494559982605699e-71]
[1.0, 1.3019523e-316, 0.0, 3.8834469186243045e-111]
[1.0, 0.0, 0.0, 7.118575157001604e-244]
[0.0, 2.464311614485912e-185, 1.0, 0.0]
[0.0, 1.0, 9.011832801031812e-172, 0.0]
[0.0, 0.0, 1.0, 0.0]
[0.0, 0.9999999999934062, 1.0342229202020191e-192, 6.584118046059437e-12]
[0.0, 0.0, 1.0, 0.0]
[0.0, 1.0, 4.944380199941734e-172, 0.0]
[1.0, 0.0, 0.0, 3.8456953169025174e-133]
[0.0, 1.0, 1.0554672990119168e-176, 0.0]
[0.0, 1.0, 2.261409594542283e-150, 0.0]
[0.0, 1.531548480896111e-38, 1.0, 0.0]
[0.0, 1.0, 7.098386383426355e-34, 0.0]
[0.0, 1.0, 2.9370311111590157e-177, 3.246803742282469e-115]
[0.0, 1.0, 9.004718098827213e-182, 0.0]
[0.0, 1.5797602303520965e-165, 1.0, 0.0]
[1.0, 0.0, 0.0, 1.00585597489444e-242]
[0.0, 9.182473306816803e-195, 0.0, 1.0]
[0.0, 1.0, 7.600344762973274e-198, 2.1844507984842944e-74]
[1.0, 0.0, 0.0, 7.83295020819352e-201]
[0.0, 1.0, 3.0800160963258456e-195, 0.0]
[0.0, 1.0, 6.484061439654483e-177, 0.0]
[0.0, 1.0, 6.426750612800798e-160, 0.0]
[0.0, 2.8957549290183962e-92, 1.0, 0.0]
[0.0, 2.1433431790736636e-122, 1.392909167038192e-308, 1.0]
[0.0, 0.0, 1.0, 0.0]
[1.0, 0.0, 0.0, 1.732134901781384e-162]
[0.0, 1.0, 5.735049966963236e-117, 0.0]
[1.0, 0.0, 0.0, 1.7538020765340314e-202]
[1.0, 7.293243110907251e-301, 0.0, 4.5205316022742604e-94]
[0.0, 0.0, 1.0, 0.0]
[0.0, 1.0, 1.1765861964878855e-201, 4.0677984503711237e-63]
[0.0, 7.2015486221613095e-202, 0.0, 1.0]
[0.0, 1.0, 2.5936898750516667e-186, 6.633235958936394e-130]
[0.0, 1.0, 3.874774414024355e-201, 7.582131894562016e-67]
[0.0, 5.6482887343051375e-162, 0.0, 1.0]
[0.0, 1.0, 5.864676949003788e-203, 6.814690085519356e-275]
[1.0, 0.0, 0.0, 9.33389393062938e-198]
[1.0, 0.0, 0.0, 2.601805277117397e-175]
[0.0, 8.128414589955471e-35, 4.648399357354544e-234, 1.0]
[1.0, 0.0, 0.0, 2.6191093826589734e-206]
[0.0, 1.0, 8.472227036427875e-40, 0.0]
[0.0, 0.0, 1.0, 0.0]
[0.0, 1.0, 2.364007503163379e-88, 0.0]
[0.0, 1.0, 6.799968725226095e-150, 0.0]
[0.0, 1.0, 5.204422434062924e-93, 0.0]
[0.0, 3.6715652692983394e-81, 6.227330534562597e-273, 1.0]
[1.0, 0.0, 0.0, 2.0812270110519985e-235]
[0.0, 1.0, 4.4288156005262855e-121, 0.0]
[0.0, 1.0, 2.4264086626580473e-202, 1.7636801389432595e-308]
[1.0, 0.0, 0.0, 2.374768935648472e-224]
[0.0, 8.686300284667775e-134, 4.2041201488e-313, 1.0]
[0.0, 1.0, 8.649474164247207e-183, 5.548596457823769e-208]
[0.0, 7.2445407494767725e-186, 0.0, 1.0]
[1.0, 0.0, 0.0, 7.930201071179071e-153]
[0.0, 1.0, 9.981648431141717e-205, 3.2651693573633156e-26]
[0.0, 3.204597518011416e-111, 1.0, 0.0]
[0.0, 0.0, 1.0, 0.0]
[2.658205484956007e-87, 1.0488998431346867e-207, 0.0, 1.0]
[1.0, 0.0, 0.0, 8.333284207394739e-128]
[0.0, 2.4438027599711675e-87, 4.89652806425649e-268, 1.0]
[2.46201397827448e-112, 2.8450976543437115e-208, 0.0, 1.0]
[0.0, 2.8667720389800546e-200, 0.0, 1.0]
[0.0, 1.0197153412797893e-64, 3.485249956500537e-267, 1.0]
[0.0, 1.0, 1.563045397909793e-176, 0.0]
[0.0, 1.0, 2.2102859167031387e-202, 3.784483981485377e-295]
[1.0, 0.0, 0.0, 8.33906735213459e-234]
[0.0, 1.0, 1.2904748139789648e-191, 0.0]
[0.0, 0.0, 1.0, 0.0]
[1.0, 0.0, 0.0, 1.9168038428518753e-213]
[0.0, 0.0, 1.0, 0.0]
[0.0, 1.7185198313559305e-168, 1.0, 0.0]
[0.0, 0.0, 1.0, 0.0]
[0.0, 2.0894604870934473e-86, 1.0, 0.0]
[0.0, 1.0, 6.479392604523467e-204, 5.019931332813771e-213]
[0.0, 4.836546508274364e-153, 0.0, 1.0]
[1.0, 2.0781554654971154e-278, 0.0, 1.0518122673850534e-73]
[0.0, 1.0, 2.876477164445015e-144, 0.0]
[1.0, 7.645149516168512e-268, 0.0, 3.45005815394026e-55]
[0.0, 1.0, 5.5192516552562383e-182, 0.0]
[0.0, 2.2191026180197942e-197, 0.0, 1.0]
[0.0, 4.141575435734867e-33, 4.931039530943223e-226, 1.0]
[0.0, 0.0, 1.0, 0.0]
[0.0, 2.502360896458211e-47, 1.0, 0.0]
[1.0, 0.0, 0.0, 4.031080969775521e-170]
[0.0, 1.0, 1.0017813738768166e-205, 5.353009152383229e-75]
[1.0, 0.0, 0.0, 2.07528902878887e-239]
[0.0, 0.0, 1.0, 0.0]
[0.0, 6.901502633483672e-178, 0.0, 1.0]
[0.0, 5.993296074810558e-168, 0.0, 1.0]
[0.0, 1.0, 1.694503536969504e-209, 2.359546360722318e-241]
[1.541292650866599e-88, 6.191453775923741e-205, 0.0, 1.0]
[0.0, 1.0053092152163455e-203, 0.0, 1.0]
[0.0, 1.0, 5.131697741034062e-188, 9.29343255e-316]
[1.0, 3.8035877604988253e-286, 0.0, 1.3111780019895775e-76]
[1.0, 0.0, 0.0, 6.709137858616987e-210]
[0.0, 1.0, 3.629538957796544e-57, 0.0]
[1.1638775148602533e-52, 5.7345418106353275e-207, 0.0, 1.0]
[0.0, 2.454334369709072e-42, 3.7994522587961947e-233, 1.0]
[0.0, 1.0, 3.6017304267810174e-139, 0.0]
[0.0, 1.0, 1.0956735749589143e-186, 0.0]
[0.0, 3.281457422242945e-126, 1.845122336389585e-308, 1.0]
[1.0, 0.0, 0.0, 1.3279947212360534e-229]
[0.0, 2.0338856066545526e-40, 7.131234901407528e-237, 1.0]
[0.0, 0.0, 1.0, 0.0]
[0.0, 4.491446557402273e-159, 0.0, 1.0]
[0.0, 2.932519607689303e-197, 0.0, 1.0]
[1.0, 0.0, 0.0, 4.1785420962098784e-242]
[1.0, 0.0, 0.0, 3.927148128548398e-203]
[0.0, 1.2901562866791623e-164, 0.0, 1.0]
[1.0, 0.0, 0.0, 7.183105836395067e-224]
[1.0, 0.0, 0.0, 1.0098265186679991e-206]
[1.0, 7.278074308041947e-257, 0.0, 1.0765211357613788e-53]
[1.0, 0.0, 0.0, 1.748530345704622e-241]
[1.0, 0.0, 0.0, 4.3000759942486495e-244]
[0.0, 0.0, 1.0, 0.0]
[1.0, 0.0, 0.0, 2.4976038203036275e-221]
[1.0, 0.0, 0.0, 1.2010099706154949e-241]
[1.0, 0.0, 0.0, 1.7258596310914415e-242]
[0.0, 1.0, 1.1209132354862675e-187, 0.0]
[1.0, 0.0, 0.0, 1.9052823758599183e-209]
[1.0, 1.0088927984696134e-258, 0.0, 4.317667402003567e-52]
[1.0, 0.0, 0.0, 5.211739740061482e-221]
[1.0, 0.0, 0.0, 3.67293167797237e-235]
[0.0, 5.854537647509573e-78, 3.928619968168626e-271, 1.0]
[0.0, 9.118237191730468e-185, 0.0, 1.0]
[0.0, 1.0, 7.68462735486081e-200, 1.1396726479356715e-50]
[0.0, 1.0, 4.3299108662384994e-184, 0.0]
[0.0, 1.0, 4.985401174274661e-37, 0.0]
[0.0, 1.627388773454124e-102, 3.629277586523017e-291, 1.0]
[0.0, 6.68094355219404e-166, 0.0, 1.0]
[0.0, 4.9836040900237055e-151, 2.943226e-317, 1.0]
[1.0, 1.931808650985445e-309, 0.0, 1.3411450155069157e-103]
[2.7333928148807357e-248, 1.2419109151559748e-200, 0.0, 1.0]
[0.0, 3.068390074872295e-206, 0.0, 1.0]
[0.0, 1.0, 3.7919545070331494e-200, 4.569985061095674e-81]
[0.0, 1.0, 3.1066456430294353e-183, 1.7993285473230557e-44]
[0.0, 1.0, 1.4066742893114752e-105, 0.0]
[1.0, 0.0, 0.0, 6.396958532096988e-228]
[1.0, 1.2225407450808e-310, 0.0, 1.174563870008475e-100]
[0.0, 1.0, 2.119858853947991e-191, 0.0]
[1.0, 2.236424021185581e-280, 0.0, 3.6054133689004383e-71]
[0.0, 0.9868789002850935, 0.013121099714840235, 0.0]
[1.0, 0.0, 0.0, 2.2363522708613752e-223]
[1.0, 0.0, 0.0, 5.5908476166157265e-154]
[0.0, 2.992375299434272e-70, 6.502126515396337e-270, 1.0]
[0.0, 1.0, 1.9192516070294504e-184, 1.948743525958061e-150]
[6.602714259944642e-121, 2.3804041880425218e-207, 0.0, 1.0]
[0.0, 1.651712678239334e-119, 1.5918446229656948e-260, 1.0]
[1.0, 0.0, 0.0, 4.647466057185048e-188]
[0.0, 1.3744476611034127e-29, 1.3204070352758717e-228, 1.0]
[0.0, 1.0, 2.894432007690214e-197, 0.0]
[0.0, 1.851817536773328e-08, 2.6483398971686178e-194, 0.9999999814817786]
[0.0, 2.7789174787130845e-242, 1.0, 0.0]
[0.0, 1.0, 2.465221535951812e-164, 0.0]
[0.0, 4.105352840390335e-62, 1.0258978100569611e-244, 1.0]
[0.0, 1.0, 1.3074579114418358e-27, 0.0]
[0.0, 1.0, 9.271701258781162e-121, 0.0]
[1.0, 0.0, 0.0, 8.882696361171383e-241]
[0.0, 4.517184395387082e-166, 0.0, 1.0]
[0.0, 3.257098875852279e-200, 0.0, 1.0]
[0.0, 0.0, 1.0, 0.0]
[0.0, 1.0, 3.1466930380069624e-160, 0.0]
[1.0, 0.0, 0.0, 4.3427387080394794e-187]
[0.0, 1.5461862441714617e-50, 8.782550012578572e-253, 1.0]
[1.0, 0.0, 0.0, 2.1637368703227626e-176]
[0.0, 1.0, 2.6447512658902995e-196, 0.0]
[0.0, 1.0, 4.1010192399607037e-63, 0.0]
[1.0, 0.0, 0.0, 1.63269963672905e-123]
[0.0, 0.9999273184091984, 7.268159072464931e-05, 0.0]
[0.0, 1.0, 2.5448846270560867e-199, 1.3511168983755853e-102]
[0.0, 1.0, 1.7928965296599507e-177, 0.0]
[1.0, 0.0, 0.0, 1.3377843644328704e-139]
[0.0, 5.9190574342481016e-201, 0.0, 1.0]
[0.0, 1.8798675082142604e-06, 0.9999981201323797, 0.0]
[0.0, 2.0279552292271345e-129, 1.5e-323, 1.0]
[1.0, 0.0, 0.0, 1.8126971864170392e-238]
[0.0, 1.0, 2.0079517622446602e-130, 0.0]
[0.0, 0.0, 1.0, 0.0]
[0.0, 1.0, 9.45900207056177e-169, 0.0]
[0.0, 1.0, 5.0931297167932054e-191, 9.557563706184426e-77]
[0.0, 1.0813854344901208e-205, 0.0, 1.0]
[0.0, 0.0, 1.0, 0.0]
[1.0, 0.0, 0.0, 1.2274791651176799e-241]
[1.0, 0.0, 0.0, 3.9890570005840985e-226]
[0.0, 1.1029527480471697e-205, 0.0, 1.0]
[0.0, 0.0, 1.0, 0.0]
[0.0, 2.5410087753478993e-203, 0.0, 1.0]
[1.0, 0.0, 0.0, 1.103681241793693e-229]
[1.0, 0.0, 0.0, 6.6818810453868936e-226]
[1.0, 0.0, 0.0, 3.03349550632391e-163]
[0.0, 7.068246908516025e-71, 1.052552245899114e-241, 1.0]
[0.0, 4.08201254902327e-49, 9.177112044500681e-253, 1.0]
[0.0, 1.1911313686968226e-65, 2.893107797604853e-268, 1.0]
[0.0, 3.6254001806613924e-203, 0.0, 1.0]
[0.0, 1.0, 1.6022663364443108e-192, 1.8071807885891554e-238]
[1.0, 0.0, 0.0, 1.7142633253641252e-233]
[0.0, 1.117097708815749e-200, 0.0, 1.0]
[1.0, 0.0, 0.0, 4.0097632420778375e-237]
[1.0, 0.0, 0.0, 4.064366522932468e-197]
[1.0, 0.0, 0.0, 6.818267928857405e-156]
[0.0, 0.0, 1.0, 0.0]
[0.0, 1.4728806982055698e-101, 1.1586668740134944e-287, 1.0]
[0.0, 7.036153705654314e-150, 0.0, 1.0]
[0.0, 1.0, 4.356765650934184e-199, 2.37033258907786e-81]
[0.0, 1.0, 6.664183541303076e-127, 0.0]
[0.0, 4.195144226505478e-202, 0.0, 1.0]
[0.0, 0.0, 1.0, 0.0]
[0.0, 1.0, 2.18336441019533e-188, 0.0]
[1.0, 0.0, 0.0, 3.6427159189268114e-171]
[1.0, 0.0, 0.0, 3.245110741589508e-163]
[1.0, 1.2917716965276907e-295, 0.0, 2.1311339191105328e-93]
[0.0, 0.0, 1.0, 0.0]
[0.0, 1.4650189897095605e-180, 0.0, 1.0]
[0.0, 1.3130992552894332e-173, 0.0, 1.0]
[0.0, 1.8506724696983638e-137, 1.0, 0.0]
[0.0, 1.0, 4.63920097632598e-112, 0.0]
[1.0, 0.0, 0.0, 1.9496577602977062e-132]
[0.0, 1.7454949862526382e-182, 0.0, 1.0]
[1.0, 0.0, 0.0, 2.1990986540189923e-232]
[0.0, 1.0, 2.3244004899831735e-199, 3.091816636253188e-92]
[0.0, 1.0, 8.9591596543645e-201, 0.0]
[0.0, 1.0, 8.050550416543875e-178, 0.0]
[1.0, 1.0184795407890768e-245, 0.0, 1.0725891219615614e-38]
[0.0, 1.3966973664103267e-187, 0.0, 1.0]
[1.0, 0.0, 0.0, 1.5940091362994365e-141]
[1.0, 0.0, 0.0, 4.035193640923663e-146]
[0.0, 7.571453633556717e-35, 6.705778538035096e-231, 1.0]
[0.0, 4.337050000745399e-196, 0.0, 1.0]
[0.0, 1.6672376896399153e-120, 2.359163227531593e-306, 1.0]
[0.0, 9.117204494445615e-203, 0.0, 1.0]
[1.0, 8.766890514265604e-261, 0.0, 3.229655702574025e-53]
[0.0, 0.0, 1.0, 0.0]
[0.0, 2.25090707783397e-202, 0.0, 1.0]
[0.0, 1.0, 1.2074081469301792e-169, 0.0]
[1.0, 1.7892843529881825e-296, 0.0, 6.817889070710322e-86]
[0.0, 1.0, 7.674911297702817e-88, 0.0]
[0.0, 3.765368178232566e-186, 0.0, 1.0]
[0.0, 2.4185775688565266e-82, 1.0, 0.0]
[1.0, 0.0, 0.0, 1.1804044647883241e-235]
[0.0, 8.24322017444865e-209, 0.0, 1.0]
[0.0, 1.0, 1.1784484552726255e-196, 4.1649380659606666e-107]
[0.0, 3.2380099876604674e-194, 1.0, 0.0]
[1.0, 0.0, 0.0, 4.9030050773093256e-206]
[1.0, 0.0, 0.0, 2.164152245945994e-119]
[0.0, 1.0, 2.959423736512504e-93, 0.0]
[0.0, 0.0, 1.0, 0.0]
[1.0, 0.0, 0.0, 6.230925845043438e-241]
[1.0, 0.0, 0.0, 9.416840778263556e-229]
[1.0, 0.0, 0.0, 2.2242737968929368e-231]
[1.0, 0.0, 0.0, 3.115538618743661e-208]
[1.0, 0.0, 0.0, 2.2629244258431454e-223]
[1.0, 3.826e-320, 0.0, 2.769591158371253e-110]
[0.0, 0.0, 1.0, 0.0]
[1.0, 2.396930564124908e-223, 0.0, 8.25088904226447e-26]
[0.0, 8.927227381438149e-141, 0.0, 1.0]
[0.0, 5.1428065528278333e-104, 4.6351606965943754e-281, 1.0]
[0.0, 1.0, 3.5500504588726824e-164, 0.0]
[0.0, 0.0, 1.0, 0.0]
[0.0, 3.454125489482398e-31, 8.631688386279108e-226, 1.0]
[1.0, 0.0, 0.0, 8.116013139899293e-120]
[1.0, 0.0, 0.0, 1.1131454362719474e-158]
[1.0, 0.0, 0.0, 1.3219907488847012e-241]
[1.7471489544569843e-97, 3.711780841456854e-203, 0.0, 1.0]
[0.0, 0.0, 1.0, 0.0]
[0.0, 1.0, 1.0167528854691214e-200, 8.513881199329313e-56]
[1.0, 0.0, 0.0, 3.0891132906512355e-215]
[0.0, 1.0, 5.243544120054506e-182, 0.0]
[1.0, 0.0, 0.0, 9.516740179429049e-168]
[1.0, 0.0, 0.0, 5.57460636447835e-214]
[0.0, 1.0, 7.061773097746821e-202, 1.419139129811326e-14]
[1.0, 0.0, 0.0, 3.2936960173340915e-187]
[1.0, 0.0, 0.0, 3.999537685733509e-240]
[0.0, 7.819506233234273e-118, 9.923591087863238e-288, 1.0]
[1.0, 0.0, 0.0, 1.2379302428085569e-219]
[0.0, 1.0, 5.405678136154511e-206, 6.036246054754474e-140]
[1.0, 0.0, 0.0, 1.6810306599020497e-184]
[2.3880544191934806e-62, 4.741437647424053e-207, 0.0, 1.0]
[0.0, 1.0, 1.309503499901253e-193, 1.14500462264e-313]
[0.0, 1.0, 1.293389880545262e-100, 0.0]
[0.0, 1.0, 3.6246042891270617e-197, 3.171985257899031e-111]
[1.0, 0.0, 0.0, 2.7969621743483898e-241]
[0.0, 3.223051034385579e-189, 0.0, 1.0]
[0.0, 2.2896228689826472e-275, 1.0, 0.0]
[1.0, 0.0, 0.0, 1.9046579717535414e-136]
[0.0, 1.0969814448678672e-113, 5.92976514789047e-298, 1.0]
[0.0, 1.0, 5.033489758493401e-190, 0.0]
[0.0, 1.0, 2.6434742643946545e-185, 0.0]
[0.0, 2.7924466765368324e-99, 3.7719690146451986e-296, 1.0]
[0.0, 1.7556361396310764e-19, 6.742066783184574e-206, 1.0]
[1.0, 0.0, 0.0, 3.017826548403126e-219]
[0.0, 2.0002077559071627e-104, 1.4959668097632359e-291, 1.0]
[1.0, 0.0, 0.0, 8.577424325085452e-233]
[1.0, 0.0, 0.0, 7.199776571339321e-159]
[1.0, 0.0, 0.0, 1.4906701630834655e-227]
[4.4429459212928194e-61, 1.2059944353474195e-205, 0.0, 1.0]
[7.678398725421892e-103, 2.1484599051380513e-203, 0.0, 1.0]
[0.0, 2.758725802138426e-109, 4.0299765620449684e-304, 1.0]
[0.0, 1.0, 3.319243947626395e-174, 0.0]
[1.0, 0.0, 0.0, 2.9565307703599464e-237]
[0.0, 1.0, 1.1429374087235987e-140, 0.0]
[0.0, 1.0, 1.8777395986517545e-150, 0.0]
[1.0, 0.0, 0.0, 1.178877909821803e-230]
[0.0, 0.0, 1.0, 0.0]
[1.0, 0.0, 0.0, 5.577531041095389e-189]
[1.0, 0.0, 0.0, 1.5996014980891837e-221]
[0.0, 1.0, 4.0919455704435764e-187, 0.0]
[1.0, 0.0, 0.0, 7.853179424139733e-126]
[0.0, 1.0, 2.025563322253477e-130, 0.0]
[1.0, 1.596402038943599e-282, 0.0, 4.795177743870787e-71]
[0.0, 1.0, 9.157170744340058e-194, 5.931698738238222e-254]
[0.0, 1.0, 2.312553588634988e-132, 0.0]
[1.0, 0.0, 0.0, 2.8016135133880375e-244]
[0.0, 8.983547228689058e-125, 1.95108572463e-313, 1.0]
[0.9999999999399733, 4.5240891273398597e-216, 0.0, 6.013657937174488e-11]
[0.0, 1.0, 1.3457195297072877e-43, 0.0]
[0.0, 1.0, 9.698736123071757e-202, 1.604240465196248e-138]
[1.0, 0.0, 0.0, 5.882946856104708e-183]
[1.0, 5.1126693135964595e-250, 0.0, 2.6028297161597595e-41]
[1.0, 0.0, 0.0, 1.077162592138875e-206]
[1.0, 0.0, 0.0, 1.4458822332882372e-218]
[0.0, 1.1227573470404149e-183, 0.0, 1.0]
[6.599812369989596e-156, 1.6616784178348517e-206, 0.0, 1.0]
[1.8857640580974332e-172, 4.176128108272765e-206, 0.0, 1.0]
[0.0, 1.9878209002527085e-199, 0.0, 1.0]
[0.0, 2.9908115184557434e-195, 0.0, 1.0]
[0.0, 7.75675029478397e-204, 0.0, 1.0]
[1.0, 0.0, 0.0, 1.6749874759793572e-181]
[1.0, 1.7886108337986536e-285, 0.0, 4.261335376502792e-74]
[1.0, 0.0, 0.0, 1.5161052222893043e-140]
[0.0, 1.0, 2.5022432447629712e-130, 0.0]
[0.0, 2.740670649262363e-195, 0.0, 1.0]
[1.0, 0.0, 0.0, 1.3246627315722562e-194]
[0.0, 1.0, 3.7271764676985904e-160, 0.0]
[0.0, 1.0, 5.7909593638765965e-207, 1.6536475244062177e-84]
[0.0, 0.0, 1.0, 0.0]
[0.0, 5.960758812733882e-31, 1.0, 0.0]
[0.0, 7.460872569061067e-196, 0.0, 1.0]
[1.0, 0.0, 0.0, 1.2222117830717628e-239]
[1.0, 0.0, 0.0, 8.266876932130513e-229]
[0.0, 6.798319390236437e-45, 3.0042355670995105e-219, 1.0]
[1.0, 0.0, 0.0, 5.242365396794645e-206]
[0.0, 1.0, 1.2327881782100803e-183, 6.636115252712546e-85]
[0.0, 4.8226422927069365e-105, 6.031601834572408e-293, 1.0]
[0.0, 1.0, 1.045537230456564e-23, 0.0]
[0.0, 6.231467379493174e-158, 0.0, 1.0]
[0.0, 1.0, 1.1029291989227495e-194, 0.0]
[0.0, 6.867664261822901e-185, 0.0, 1.0]
[1.0, 0.0, 0.0, 4.182594141371484e-203]
[0.0, 1.0, 5.544000041134349e-123, 0.0]
[1.0, 0.0, 0.0, 1.1867156108843752e-237]
[0.0, 6.621454066529361e-179, 0.0, 1.0]
[0.0, 0.0, 1.0, 0.0]
[0.0, 1.1507784018953044e-96, 1.3685673052305726e-293, 1.0]
[0.0, 1.0, 2.2724965031875037e-103, 0.0]
[0.0, 1.0, 1.1832406435228449e-188, 7.016110437382493e-227]
[0.0, 1.0, 1.2684638894419263e-192, 2.0288653653004421e-261]
[1.0, 0.0, 0.0, 5.417086944134208e-241]
[0.0, 5.886762216606669e-181, 1.0, 0.0]
[0.0, 0.0, 1.0, 0.0]
[1.0, 9.965434253260079e-226, 0.0, 2.240426052241912e-19]
[0.0, 2.355655238249059e-168, 0.0, 1.0]
[0.0, 2.921231852429839e-129, 3.4e-322, 1.0]
[1.0, 0.0, 0.0, 1.0155496464887459e-224]
[1.0, 0.0, 0.0, 2.1603702089701256e-236]
[0.0, 1.0, 2.5207982605640245e-202, 0.0]
[7.094104631952012e-279, 2.2344208977405944e-193, 0.0, 1.0]
[0.0, 1.0, 2.435301117916326e-130, 0.0]
[0.0, 5.674393117718081e-53, 1.0, 0.0]
[0.0, 1.0, 2.9152833069826e-178, 0.0]
[0.0, 1.0, 1.2169762566133824e-188, 0.0]
[0.0, 0.0, 1.0, 0.0]
[0.0, 1.3575332357140596e-110, 1.3940862215201917e-298, 1.0]
[0.0, 1.0, 1.694343146354514e-179, 0.0]
[0.0, 2.434219716310816e-193, 0.0, 1.0]
[1.0, 0.0, 0.0, 4.6583964553299276e-167]
[0.0, 1.689698657078291e-253, 1.0, 0.0]
[1.0, 0.0, 0.0, 7.216624192904267e-243]
[0.0, 1.0, 3.9215850333339925e-99, 0.0]
[0.0, 1.766447024655813e-174, 0.0, 1.0]
[0.0, 0.0, 1.0, 0.0]
[1.0, 0.0, 0.0, 1.6225598768899377e-241]
[0.0, 1.0, 3.0031683770745114e-152, 0.0]
[1.0, 0.0, 0.0, 6.448294917539524e-207]
[1.0, 0.0, 0.0, 1.2517012014819772e-189]
[1.0, 0.0, 0.0, 1.046029548857176e-223]
[0.0, 3.5905040610984994e-59, 5.103020346198165e-249, 1.0]
[0.0, 2.0938400384404996e-95, 1.0, 0.0]
[1.0, 0.0, 0.0, 2.301233941599439e-172]
[1.0, 0.0, 0.0, 1.3878345344353136e-238]
[0.9999999693766317, 4.519765218289529e-215, 0.0, 3.062345432412381e-08]
[0.0, 9.474414977599621e-170, 0.0, 1.0]
[0.0, 3.069937659727986e-90, 3.259016537323783e-275, 1.0]
[0.0, 1.3683169849761437e-204, 0.0, 1.0]
[0.0, 0.0, 1.0, 0.0]
[0.0, 1.236213962866077e-204, 0.0, 1.0]
[0.0, 1.0, 6.557054555687187e-149, 0.0]
[0.0, 1.6980444558046453e-52, 1.8385396468902047e-248, 1.0]
[0.0, 1.1467900062986038e-127, 1.7364889172929465e-297, 1.0]
[0.0, 1.0, 5.5746373070786774e-126, 0.0]
[0.0, 1.0, 1.462029891128442e-199, 2.7754765503456705e-306]
[1.0, 0.0, 0.0, 1.7470364369752705e-241]
[0.0, 1.0, 1.3191648622271617e-195, 1.2968867346876859e-61]
[1.0, 0.0, 0.0, 1.2109026591601375e-232]
[1.0, 0.0, 0.0, 1.377558520581438e-240]
[0.0, 1.0, 2.76454269368892e-146, 0.0]
[0.0, 3.705997480829811e-189, 0.0, 1.0]
[0.0, 1.0, 2.838509948204173e-117, 0.0]
[1.0, 0.0, 0.0, 3.111269256483117e-200]
[0.0, 1.0, 2.6225787060269424e-149, 0.0]
[1.0, 0.0, 0.0, 7.929433569863235e-143]
[0.0, 8.282341747710588e-200, 0.0, 1.0]
[1.0, 0.0, 0.0, 3.889437237698184e-130]
[0.0, 1.0, 6.830082927613828e-169, 0.0]
[0.0, 2.4651488304335457e-170, 0.0, 1.0]
[0.0, 2.911316165332469e-55, 3.8250255950016024e-255, 1.0]
[0.0, 1.0, 5.109662401543739e-200, 6.181268189261984e-42]
[1.0, 0.0, 0.0, 2.5066830927345957e-143]
[0.0, 1.3921035372087976e-189, 0.0, 1.0]
[0.0, 4.550136269257968e-55, 5.030878555981626e-258, 1.0]
[0.0, 1.0, 2.1626394673389682e-107, 0.0]
[0.0, 6.827554116755001e-92, 3.3219035736883375e-269, 1.0]
[1.0, 0.0, 0.0, 5.754264011317708e-208]
[1.0, 0.0, 0.0, 6.6163705330470055e-186]
[0.0, 1.0306345738340701e-156, 0.0, 1.0]
[0.0, 0.0, 1.0, 0.0]
[1.0, 0.0, 0.0, 8.521617661808918e-207]
[0.0, 3.5086681041628894e-98, 1.3524900726930503e-297, 1.0]
[1.0, 0.0, 0.0, 7.872680088089874e-221]
[0.0, 9.786435661246697e-178, 0.0, 1.0]
[0.0, 4.1500625339994225e-172, 0.0, 1.0]
[3.770768079872115e-222, 1.1540221840122862e-205, 0.0, 1.0]
[1.0, 0.0, 0.0, 2.0065910065170744e-239]
[0.0, 1.0, 6.383654382290138e-209, 6.191551281121283e-124]
[1.0, 0.0, 0.0, 1.0365523087758608e-228]
[0.0, 1.0, 9.736031236455728e-199, 1.3847909070122932e-74]
[0.0, 1.0, 3.1849255412057185e-172, 0.0]
[0.0, 1.0, 5.2899005751082295e-205, 4.457471055951774e-118]
[1.0, 0.0, 0.0, 1.827265184637847e-210]
[1.0, 2.3326141863135152e-303, 0.0, 1.2236096070566805e-93]
[0.0, 1.0, 1.696252451878196e-204, 2.86285972059447e-122]
[0.0, 2.91344204652019e-132, 0.0, 1.0]
[1.0, 0.0, 0.0, 9.836459060864085e-243]
[0.0, 1.0, 3.093172961878802e-138, 0.0]
[0.0, 0.0, 1.0, 0.0]
[0.0, 3.3476278986426537e-25, 1.7488603312600744e-224, 1.0]
[1.0, 0.0, 0.0, 8.263447273310641e-135]
[0.0, 1.0, 2.546525162682464e-197, 1.1066063341452846e-102]
[0.0, 8.106725629292699e-138, 0.0, 1.0]
[0.0, 1.435625670306481e-194, 0.0, 1.0]
[1.0, 7.1811845e-316, 0.0, 2.033868140259528e-107]
[0.0, 0.0, 1.0, 0.0]
[1.0, 1.3e-322, 0.0, 1.5280323829828532e-115]
[0.0, 9.287881739499626e-192, 0.0, 1.0]
[1.0, 0.0, 0.0, 1.5157426971729962e-234]
[0.0, 1.4745440608888897e-38, 2.011412177644521e-239, 1.0]
[1.0, 0.0, 0.0, 1.1654895243063837e-241]
[0.0, 1.0, 1.0593786788665842e-54, 0.0]
[0.0, 1.0, 2.7578311405519766e-186, 3.2039755260660647e-42]
[0.0, 1.871285726599508e-157, 0.0, 1.0]
[0.0, 0.0, 1.0, 0.0]
[0.0, 1.0, 7.80558687631119e-145, 0.0]
[1.0, 1.7710971097190205e-298, 0.0, 2.039996631789733e-96]
[0.0, 4.237086375104655e-114, 1.4589242305270054e-301, 1.0]
[0.0, 0.0, 1.0, 0.0]
[1.0, 0.0, 0.0, 2.8726602696599794e-242]
[0.0, 0.0, 1.0, 0.0]
[8.866878927600792e-180, 3.2963592320229277e-209, 0.0, 1.0]
[0.0, 0.0, 1.0, 0.0]
[0.0, 9.429148177852824e-168, 0.0, 1.0]
[1.0, 0.0, 0.0, 6.994521222684447e-226]
[1.0, 0.0, 0.0, 2.9121392312460693e-241]
[0.0, 1.3705705696251901e-35, 1.920915153893174e-235, 1.0]
[0.0, 0.0, 1.0, 0.0]
[1.7921043737280562e-93, 7.322313439813421e-210, 0.0, 1.0]
[0.0, 4.402542846837664e-175, 0.0, 1.0]
[0.0, 1.0, 5.6033201735067925e-132, 0.0]
[1.0, 0.0, 0.0, 6.514533731619471e-212]
[0.0, 5.707687462048924e-197, 0.0, 1.0]
[4.1085064978231484e-119, 1.5549856799766506e-203, 0.0, 1.0]
[1.0, 0.0, 0.0, 2.1240332220370216e-237]
[0.0, 1.0, 3.893501352937102e-192, 4.287539341911281e-108]
[0.0, 5.023197848112874e-186, 0.0, 1.0]
[1.0, 0.0, 0.0, 1.6720947543313412e-179]
[0.0, 6.793111430009905e-157, 0.0, 1.0]
[1.0, 0.0, 0.0, 7.104253829661405e-148]
[0.0, 1.0, 1.6863566936914005e-113, 0.0]
[0.0, 1.0, 2.018093848318817e-195, 0.0]
[0.0, 1.629388688414397e-09, 0.9999999983706402, 0.0]
[0.0, 1.0, 2.276116092861004e-84, 0.0]
[1.0, 0.0, 0.0, 3.8649357216605516e-238]
[1.0, 0.0, 0.0, 1.371078626588672e-233]
[0.0, 1.0, 1.4026794220451222e-38, 0.0]
[0.0, 1.0, 1.1367573601926374e-192, 1.2230485387472076e-69]
[0.0, 0.0, 1.0, 0.0]
[0.0, 1.0, 1.1289545829020509e-201, 2.623450209451328e-164]
[0.0, 1.0, 4.874364886249844e-189, 0.0]
[0.0, 1.0, 2.8466878638342783e-173, 0.0]
[0.0, 1.4784795578590575e-18, 2.4659225424628943e-222, 1.0]
[0.0, 1.0, 3.985317556122895e-201, 0.0]
[1.0, 0.0, 0.0, 8.172715264504367e-235]
[0.0, 1.0, 2.5073273716990938e-173, 0.0]
[1.0, 0.0, 0.0, 9.008612004634588e-223]
[1.0, 0.0, 0.0, 3.76315745066178e-220]
[0.0, 1.330311498496383e-204, 0.0, 1.0]
[0.0, 3.072511826858788e-57, 1.0, 0.0]
[1.0, 0.0, 0.0, 3.684937637778339e-140]
[0.0, 0.0, 1.0, 0.0]
[0.0, 1.0, 1.0800023900776568e-183, 0.0]
[0.0, 1.0, 6.801506071849903e-43, 0.0]
[0.0, 1.7763932571044756e-165, 0.0, 1.0]
[0.0, 0.0, 1.0, 0.0]
[0.0, 4.813439284632115e-199, 0.0, 1.0]
[0.0, 9.749333762645198e-188, 0.0, 1.0]
[0.0, 2.5869693211285783e-153, 6.332982317457933e-290, 1.0]
[0.0, 7.407959109662028e-105, 9.289838272229653e-303, 1.0]
[0.0, 5.392979319875635e-186, 0.0, 1.0]
[1.0, 0.0, 0.0, 3.471551844606971e-147]
[0.0, 1.0, 2.2353703581607815e-141, 0.0]
[0.0, 1.0, 1.4415535928604472e-53, 0.0]
[1.9183244581482334e-268, 7.10936848533849e-206, 0.0, 1.0]
[0.0, 1.0, 3.088292599806011e-131, 0.0]
[0.0, 1.0, 4.704429155714564e-196, 0.0]
[0.0, 2.1539191208868496e-72, 1.0, 0.0]
[0.0, 6.176527188819082e-189, 0.0, 1.0]
[0.0, 1.0, 4.1160386604293364e-183, 0.0]
[0.0, 8.940202763880541e-45, 4.6023533554244566e-242, 1.0]
[0.0, 0.0, 1.0, 0.0]
[0.0, 1.0, 2.5395975677156157e-126, 0.0]
[0.0, 6.491075144604999e-176, 0.0, 1.0]
[1.0, 0.0, 0.0, 4.87485173523062e-241]
[1.0, 0.0, 0.0, 1.743117390765805e-222]
[1.0, 0.0, 0.0, 2.818394614292759e-226]
[0.0, 0.0, 1.0, 0.0]
[1.0, 0.0, 0.0, 6.469945044311053e-240]
[0.0, 1.0, 9.590482086338242e-181, 0.0]
[0.0, 0.0, 1.0, 0.0]
[0.0, 1.0, 5.756928700046287e-33, 0.0]
[0.0, 1.0, 2.051963692898731e-159, 0.0]
[0.0, 1.0, 2.1085837668752494e-200, 0.0]
[1.0, 0.0, 0.0, 6.542697853882506e-241]
[1.0, 0.0, 0.0, 1.5929255061250861e-223]
[1.0, 0.0, 0.0, 4.559571508651634e-208]
[0.0, 1.3133944537335203e-103, 7.710549059534792e-290, 1.0]
[0.0, 0.0, 1.0, 0.0]
[0.0, 1.0, 7.06535113095799e-51, 0.0]
[7.333494048514091e-91, 5.762310727062724e-206, 0.0, 1.0]
[1.0, 0.0, 0.0, 3.10135091837018e-243]
[0.0, 1.0, 3.76079096632371e-160, 0.0]
[0.0, 1.0, 2.4937668637867507e-68, 0.0]
[0.0, 0.0, 1.0, 0.0]
[1.0, 0.0, 0.0, 9.38424631645909e-241]
[0.0, 1.9848316044899253e-204, 0.0, 1.0]
[1.0, 0.0, 0.0, 4.047442788961862e-172]
[0.0, 7.588579907865995e-231, 1.0, 0.0]
[0.0, 0.0, 1.0, 0.0]
[0.9999999999988631, 1.3591174182830318e-211, 0.0, 1.1809775612617438e-12]
[0.0, 1.2029554524542946e-308, 1.0, 0.0]
[0.0, 1.0506127730923827e-183, 0.0, 1.0]
[1.0, 0.0, 0.0, 3.4105112434997016e-232]
[0.0, 2.6374202671061686e-124, 1.0, 0.0]
[1.0, 0.0, 0.0, 2.892847936159354e-241]
[0.0, 1.5082554983358814e-195, 0.0, 1.0]
[0.0, 0.0, 1.0, 0.0]
[1.0, 0.0, 0.0, 1.1069606168096633e-132]
[0.0, 1.0716919359972398e-177, 0.0, 1.0]
[0.0, 2.543961373205784e-149, 0.0, 1.0]
[0.0, 1.0, 1.9039071595802856e-207, 5.040928540969494e-237]
[1.0, 0.0, 0.0, 5.483017158040484e-217]
[1.8046861040831906e-116, 1.310797755265524e-201, 0.0, 1.0]
[0.0, 1.142981749231474e-177, 0.0, 1.0]
[0.0, 1.0, 2.018988983576011e-87, 0.0]
[0.0, 8.035513535752579e-54, 3.645203518381635e-228, 1.0]
[1.0, 0.0, 0.0, 4.758290333842397e-222]
[0.0, 7.256149956203024e-170, 0.0, 1.0]
[1.0, 0.0, 0.0, 2.1473738066973288e-237]
[0.0, 1.0, 9.693551823599554e-37, 0.0]
[1.0, 1.4677424872829236e-274, 0.0, 2.1030272699274042e-72]
[0.0, 1.0, 2.481031256286283e-102, 0.0]
[0.0, 1.0, 1.913467495145382e-204, 4.899754601857466e-165]
[1.0, 0.0, 0.0, 8.709706170246354e-217]
[1.0, 0.0, 0.0, 2.1484889300442023e-242]
[0.0, 6.622547945180325e-136, 7.98877088021e-312, 1.0]
[0.0, 0.0, 1.0, 0.0]
[0.0, 1.0, 2.404743197409383e-186, 7.120488421374636e-294]
[5.451169616011431e-141, 1.8944455565783707e-207, 0.0, 1.0]
[0.0, 1.0, 1.3712101396080425e-173, 0.0]
[8.459820012218091e-184, 3.846328260759542e-207, 0.0, 1.0]
[1.0, 0.0, 0.0, 1.5234536058535709e-232]
[0.0, 1.0, 4.8201704137233805e-203, 1.621071881088026e-129]
[0.0, 3.5808305740182626e-99, 8.39616949161838e-299, 1.0]
[0.0, 4.9562810635260063e-194, 0.0, 1.0]
[0.0, 0.0, 1.0, 0.0]
[0.0, 2.4132782669523194e-202, 1.0, 0.0]
