103.846091|36.058077,0.0
103.802213|36.056691,230.0
103.843419|36.031372,106.0
103.758507|36.610495,0.0
103.654145|36.540032,23.0
104.138013|35.860229,1.0
103.815228|36.058776,0.0
103.818761|36.051291,2.0
103.760045|36.055072,17.0
103.832362|36.040104,164.0
103.891232|36.052674,0.0
103.893187|36.061453,33.0
103.704972|36.684305,1.0
103.805848|36.094023,134.0
103.764919|35.967381,2.0
103.761385|36.053081,5.0
103.394928|36.535519,11.0
103.838242|36.091473,66.0
102.887169|36.436143,70.0
103.838251|36.056906,1.0
102.854601|36.339577,7.0
102.871478|36.421916,12.0
103.839857|36.271162,27.0
103.734242|36.060388,54.0
103.757211|36.08719,110.0
103.823732|36.067836,58.0
103.713044|36.093204,0.0
103.689239|36.205669,0.0
103.840745|36.0494,1.0
103.846275|36.071414,88.0
103.720635|36.100834,71.0
103.658913|36.118087,7.0
102.857737|36.347845,243.0
103.83825|36.051905,0.0
103.715827|36.11402,6.0
103.82908|36.066775,0.0
104.365447|36.231528,0.0
103.734942|36.054407,0.0
103.666767|36.08716,41.0
103.619476|36.097343,0.0
103.735432|36.082649,2.0
104.120951|35.849976,16.0
103.860898|36.068619,0.0
103.581947|36.677441,1.0
103.628921|36.104323,156.0
103.683482|36.107206,24.0
103.831396|36.079724,52.0
103.698347|36.475893,22.0
103.678002|36.098669,8.0
103.694119|36.100974,6.0
103.887065|36.059898,0.0
103.645793|36.128329,24.0
103.8718|36.061303,2.0
103.926318|36.04511,29.0
103.868414|36.043793,20.0
103.824505|36.205655,0.0
103.25788|36.737149,71.0
103.884547|36.067821,147.0
103.314947|36.687094,15.0
103.947551|36.330034,40.0
103.835247|36.057832,45.0
103.359873|36.964745,2.0
103.994772|36.150204,9.0
103.77136|36.067693,0.0
103.781725|36.064705,0.0
103.610075|36.109269,17.0
103.836465|36.053893,11.0
103.958617|36.003524,52.0
103.700654|36.100975,36.0
103.858192|36.062542,16.0
103.867906|36.057257,38.0
103.829379|36.048031,24.0
103.710267|36.132757,0.0
103.626548|36.121344,39.0
103.851862|36.035787,0.0
103.811447|36.060346,0.0
104.052785|36.079998,0.0
102.959343|36.292276,72.0
103.757123|36.018095,10.0
103.856554|36.052163,30.0
103.713568|36.011312,0.0
103.675179|36.075724,5.0
103.823443|36.05651,56.0
103.794446|36.066985,43.0
102.816264|36.605384,12.0
103.847142|36.05806,45.0
103.884006|36.043427,0.0
103.848521|36.088534,2.0
104.178784|35.952603,77.0
103.654941|36.620236,3.0
103.269051|36.716812,55.0
103.591134|36.36261,33.0
103.448513|36.178177,46.0
103.693115|36.495333,15.0
103.783121|36.07255,0.0
103.766239|35.974152,20.0
102.865248|36.340612,34.0
103.841245|36.076515,35.0
103.796127|36.049533,12.0
104.158661|35.912311,5.0
103.708637|36.205701,2.0
103.739749|36.10397,51.0
103.661829|36.591223,35.0
104.145373|36.215402,4.0
103.83941|36.103914,7.0
103.199954|36.805921,39.0
103.788904|36.064211,0.0
103.694199|36.111887,0.0
103.590166|36.310768,52.0
103.691335|36.100499,0.0
102.821146|36.602533,13.0
103.882288|36.046268,123.0
103.846712|36.037017,1.0
103.691883|36.108352,44.0
103.94598|36.350943,4.0
103.383889|36.151038,13.0
103.806807|36.091011,83.0
103.879827|36.069409,14.0
103.845984|36.043459,21.0
103.735135|36.096406,2.0
103.849617|36.040772,0.0
103.622862|36.134964,36.0
103.886314|36.031322,1.0
103.729748|36.099602,112.0
103.741771|36.106881,83.0
103.839208|36.052383,0.0
103.781064|36.073032,9.0
103.17718|36.189622,33.0
103.752574|36.050932,63.0
103.881549|36.055761,48.0
103.889217|36.043254,3.0
103.81968|36.057231,0.0
103.840745|36.044119,0.0
102.891953|36.517396,3.0
103.587334|36.234039,25.0
103.957514|36.000501,69.0
103.867077|36.06438,0.0
103.697016|36.116943,6.0
104.000986|35.944878,2.0
103.830217|36.046639,2.0
102.824749|36.581855,3.0
103.802503|36.061422,3.0
104.085575|35.815478,25.0
103.824567|36.004421,5.0
103.965589|36.004331,62.0
103.893992|36.205556,0.0
103.831325|36.057759,20.0
103.839358|36.061075,0.0
102.889609|36.425267,4.0
103.800551|36.05114,21.0
103.772051|36.078251,49.0
103.869268|35.935918,2.0
103.605027|36.104486,37.0
102.806119|36.608063,6.0
103.896471|36.064084,29.0
103.891133|35.824829,1.0
103.99386|35.986786,13.0
103.719436|36.075302,104.0
103.857004|36.065475,37.0
103.385744|36.503158,37.0
103.824633|36.054899,2.0
103.824393|36.046932,0.0
103.680724|36.094528,31.0
103.896325|36.373023,12.0
103.903646|35.957399,1.0
103.710686|36.093539,53.0
103.679961|36.079034,9.0
103.698598|36.071066,19.0
103.65509|36.610938,7.0
103.744192|36.099121,233.0
103.871593|36.205575,0.0
103.811197|36.051875,51.0
103.826336|36.055818,1.0
103.933068|36.037585,3.0
103.811197|36.066208,29.0
103.919019|36.043223,1.0
103.743481|36.089569,0.0
103.655305|36.301949,6.0
103.793328|36.067366,0.0
103.620299|36.091169,127.0
103.821666|36.058002,0.0
103.831166|36.05812,1.0
103.771899|36.523832,3.0
103.841024|36.043848,1.0
103.877719|36.038866,1.0
103.839927|36.061904,0.0
102.849748|36.345878,0.0
103.958797|36.301599,31.0
103.784459|36.060056,71.0
103.808383|36.058311,71.0
103.457185|36.166807,144.0
103.857392|36.035208,66.0
103.569828|36.480589,1.0
103.808096|36.0348,11.0
103.843551|36.056742,25.0
103.856074|36.04775,41.0
104.114165|35.843188,36.0
103.625787|36.148039,6.0
103.878073|36.054794,66.0
103.888174|36.054896,1.0
103.652623|36.128663,23.0
103.376109|36.560496,35.0
104.239262|35.927585,6.0
103.745592|36.077857,50.0
103.925161|35.946606,2.0
103.686289|36.110272,20.0
103.712189|36.089841,23.0
103.828022|36.041272,77.0
102.855011|36.340107,32.0
103.89683|36.044009,0.0
102.858576|36.338891,0.0
103.839426|36.019486,0.0
102.965767|36.748459,0.0
103.841304|36.044398,0.0
102.849468|36.337175,9.0
103.618862|36.483688,26.0
103.747483|36.066335,39.0
103.590834|36.205392,48.0
103.423765|36.671478,2.0
103.833263|36.098574,78.0
103.810687|36.050777,3.0
103.90529|36.041568,103.0
103.915836|36.046682,41.0
103.887485|36.07141,2.0
104.290799|35.719881,131.0
103.604781|36.097835,19.0
103.768542|36.05976,89.0
103.879402|36.070416,107.0
103.740738|36.062362,4.0
103.623129|36.097274,0.0
103.914014|36.039399,78.0
103.864311|36.04677,6.0
103.740948|36.057981,119.0
103.852891|36.040676,147.0
104.050389|35.945296,50.0
103.868526|36.073009,92.0
103.714995|36.096196,11.0
103.546089|36.203331,0.0
103.812318|36.213287,21.0
104.43589|36.273033,0.0
103.592775|36.122003,38.0
103.617023|36.113634,0.0
103.732101|36.106266,127.0
103.772021|36.079211,2.0
103.767674|36.074751,16.0
103.596429|36.125631,47.0
102.879927|36.343255,4.0
103.852672|36.069673,0.0
103.739947|36.05668,0.0
103.853939|36.047946,4.0
103.737718|36.10778,109.0
103.883178|36.05518,0.0
103.885955|36.044335,0.0
103.848619|36.040744,35.0
103.778732|35.996178,21.0
103.677204|36.084269,6.0
103.833873|36.05409,0.0
103.841923|36.055709,0.0
103.955008|36.022741,65.0
103.839637|36.043851,2.0
103.89513|36.038799,31.0
104.12204|35.838471,18.0
103.896221|36.064344,17.0
103.782672|36.068609,197.0
103.912654|36.056342,0.0
103.89485|36.050991,0.0
103.890482|36.044602,18.0
103.851952|36.038587,131.0
103.849617|36.040222,0.0
103.627228|36.101961,115.0
103.869153|36.046643,19.0
103.894667|36.053931,0.0
103.687962|36.08624,36.0
103.851571|36.051864,0.0
103.263424|36.735171,57.0
103.876434|36.035872,47.0
103.855162|36.049205,5.0
103.890402|36.040831,81.0
103.846429|36.048679,0.0
103.618274|36.101623,110.0
103.828893|36.102813,75.0
103.83234|36.20564,0.0
103.866538|36.06408,11.0
103.862464|36.052554,34.0
103.871021|36.047221,65.0
103.635251|36.083967,80.0
103.802463|36.063362,5.0
103.839358|36.044461,2.0
103.654688|36.133128,35.0
103.82484|36.054223,0.0
104.164422|35.939867,24.0
103.837703|36.0708,0.0
103.395003|36.432983,43.0
103.846574|36.059681,34.0
103.73996|36.052197,22.0
103.826616|36.06665,2.0
103.776122|36.063935,4.0
103.980369|35.986776,10.0
103.867825|36.034862,30.0
102.855626|36.483501,4.0
103.831075|36.036555,59.0
103.705533|36.054763,0.0
103.822464|36.056656,1.0
103.649596|36.098529,5.0
103.828282|36.066307,44.0
103.633558|36.088776,0.0
103.858191|36.042558,0.0
103.851753|36.063303,0.0
103.686047|36.080405,41.0
103.891149|36.065935,1.0
103.642715|36.482166,31.0
103.680333|36.087826,14.0
103.873466|36.025733,1.0
103.749705|36.098872,39.0
103.709854|36.100219,131.0
103.704523|36.104992,0.0
103.826852|36.20565,1.0
103.724545|36.519848,14.0
103.911433|36.060133,30.0
103.846015|36.060783,1.0
104.202024|36.332526,2.0
103.649242|36.076666,17.0
102.8556|36.350609,0.0
103.860626|36.029182,25.0
103.837949|36.043184,2.0
103.703802|36.108502,7.0
103.956451|35.997068,80.0
103.225379|36.755944,16.0
102.860194|36.349252,35.0
103.715927|36.1105,12.0
103.776388|36.067745,152.0
104.154582|35.788271,6.0
103.902559|36.041788,103.0
103.717644|36.073511,1.0
104.187313|35.708679,0.0
103.710278|36.09971,0.0
103.66513|36.082547,52.0
103.807783|36.066744,0.0
102.854538|36.501501,0.0
103.643947|36.094583,43.0
103.872919|36.062141,0.0
103.802283|36.048889,63.0
103.718757|36.112298,3.0
103.654961|36.630752,1.0
103.87153|36.042959,4.0
103.73165|36.098134,22.0
102.7895|36.622015,1.0
103.834637|36.04349,1.0
103.915297|36.496262,0.0
103.875977|36.092345,21.0
103.823333|36.067296,45.0
103.829646|36.044128,38.0
104.06135|35.944164,0.0
103.820378|36.055079,0.0
103.751055|36.092361,24.0
103.831226|36.069922,113.0
103.887444|36.037342,14.0
103.76382|35.966942,0.0
104.263604|35.619834,0.0
103.604572|36.114909,21.0
103.860978|36.079832,1.0
103.608102|36.134981,33.0
103.740305|36.056456,10.0
103.616692|36.108123,2.0
103.751366|36.096622,43.0
103.665271|36.488347,0.0
103.836254|36.048298,66.0
103.63944|36.082983,12.0
104.055414|35.927769,14.0
103.815628|36.060009,1.0
103.705145|36.115976,5.0
102.859988|36.450923,3.0
103.743489|36.0477,45.0
103.65635|36.0836,9.0
103.89536|36.056192,41.0
103.747374|36.082328,20.0
103.78423|36.072399,0.0
103.668113|36.580292,3.0
103.750676|36.096322,0.0
103.839089|36.055244,0.0
103.872489|36.045679,107.0
103.820318|36.054129,172.0
103.682926|36.084361,13.0
103.867277|36.06793,43.0
103.832118|36.20564,0.0
103.842143|36.06231,84.0
103.848511|36.079392,16.0
103.678075|36.478568,6.0
103.403415|36.327538,40.0
103.425815|36.298809,47.0
104.159411|35.932945,12.0
103.864431|36.050301,42.0
103.845187|36.071066,0.0
102.870304|36.345637,11.0
103.837432|36.043294,0.0
103.884666|36.054378,43.0
103.264847|36.714907,34.0
104.126157|35.854002,20.0
103.923854|36.040756,66.0
103.897551|36.066734,32.0
103.81931|36.044259,10.0
103.846473|36.044768,97.0
103.77284|36.072119,0.0
104.145377|36.251243,2.0
103.404331|36.432515,24.0
103.862635|36.080119,42.0
103.664443|36.138147,3.0
103.765304|36.068453,3.0
103.855597|36.042318,3.0
102.864639|36.347275,35.0
103.82925|36.034669,47.0
104.327954|36.321479,6.0
103.598491|36.398328,1.0
103.990872|36.014725,6.0
103.816905|36.057506,2.0
102.881912|36.529019,0.0
103.779475|36.070763,56.0
103.696064|36.11253,48.0
103.837432|36.058578,3.0
103.708871|36.080614,42.0
103.543718|36.699125,1.0
103.837712|36.058247,1.0
103.626176|36.109071,0.0
103.649843|36.531175,20.0
103.79578|36.045457,70.0
104.285388|35.68742,122.0
103.627894|36.498029,25.0
103.828245|35.915283,2.0
103.846823|36.067112,0.0
103.852112|36.04938,1.0
103.499624|36.141446,33.0
103.825347|36.252008,57.0
103.800556|36.051143,4.0
103.944315|36.339797,8.0
103.645286|36.095397,5.0
103.747372|36.057783,61.0
103.634416|36.6259,0.0
103.825039|36.060582,0.0
103.877633|36.061296,0.0
104.328172|36.172507,1.0
103.658977|36.094607,1.0
103.705827|36.059953,0.0
103.875416|36.057948,15.0
104.359045|36.125423,0.0
103.869034|36.045263,0.0
103.715075|36.104101,1.0
103.661192|36.523906,11.0
103.824703|36.046174,41.0
104.156667|35.943052,17.0
103.767644|36.082572,0.0
103.901912|36.046396,50.0
103.827503|36.045424,110.0
103.808593|36.095029,30.0
103.830936|36.054699,0.0
103.621767|36.098066,4.0
103.423756|36.267552,118.0
103.671258|36.11459,24.0
103.875976|36.086383,13.0
103.962228|36.002562,0.0
103.852402|36.050219,0.0
103.823043|36.063366,0.0
103.769182|36.053858,31.0
103.888303|36.046284,1.0
103.734774|36.092375,19.0
103.629051|36.099663,1.0
103.862973|36.049022,11.0
102.852404|36.348834,0.0
102.850127|36.346067,32.0
103.86451|36.046049,18.0
103.836465|36.0606,37.0
103.958133|35.942359,7.0
103.261502|36.733209,79.0
103.69974|36.291459,17.0
103.955845|36.325057,5.0
103.412141|36.136629,16.0
103.855007|36.059237,20.0
103.772251|36.067299,143.0
103.649423|36.09287,40.0
103.956643|36.031886,7.0
103.627297|36.088718,12.0
103.845716|36.055439,1.0
103.667176|36.48627,50.0
103.869947|36.047391,0.0
103.742149|36.066963,369.0
103.891567|35.941329,0.0
103.884786|36.060509,75.0
103.770592|36.06868,2.0
104.107598|35.856325,65.0
103.860793|36.048796,84.0
103.714341|36.103263,2.0
103.673853|36.035573,1.0
103.259679|36.734689,85.0
103.956833|36.026485,57.0
103.907441|36.063472,8.0
103.759845|36.057203,14.0
103.844897|36.050712,60.0
103.883327|36.052959,27.0
104.157964|35.936478,20.0
103.737115|36.072482,74.0
102.865621|36.405094,31.0
103.669823|36.476651,1.0
103.866641|36.072333,1.0
102.875279|36.413006,24.0
104.20098|35.907603,35.0
103.841924|36.078484,0.0
103.858191|36.043282,6.0
103.626874|36.091932,0.0
103.964887|36.0065,104.0
103.750844|36.065385,3.0
103.927368|36.036289,24.0
103.674726|36.47593,2.0
103.922779|35.963518,0.0
103.858141|36.043278,0.0
103.696443|36.079474,18.0
103.832243|36.061378,102.0
104.35917|36.325648,5.0
103.817943|36.059014,38.0
103.618761|36.483782,3.0
103.737495|36.055699,112.0
103.828602|36.0821,10.0
103.765175|36.081636,58.0
103.85966|36.079644,17.0
103.745528|36.205735,1.0
103.744863|36.106293,125.0
103.821945|36.054296,2.0
103.763745|36.067743,79.0
103.967485|36.001975,34.0
103.71332|36.074779,0.0
103.757015|36.055583,5.0
103.748813|36.051052,17.0
103.824041|36.058053,0.0
102.870503|36.343606,17.0
103.674557|36.083454,60.0
103.823528|36.046602,0.0
103.764825|36.077145,74.0
103.837702|36.055797,0.0
103.754375|36.071917,68.0
103.837703|36.087203,83.0
103.843548|36.054357,0.0
103.789463|36.06066,45.0
103.721673|36.487887,4.0
103.851284|36.047991,0.0
103.69696|36.608737,7.0
103.855623|36.205598,2.0
103.822629|36.058745,0.0
103.830806|36.047428,62.0
103.745364|36.086689,119.0
103.855767|36.088312,2.0
103.827253|36.038923,69.0
103.779684|36.05452,0.0
103.861668|36.068175,0.0
103.457512|36.166452,76.0
103.874786|36.040512,75.0
103.661958|36.124082,19.0
103.264586|36.737213,16.0
103.865041|36.071824,199.0
103.614147|36.507276,126.0
103.621121|36.099548,0.0
103.752136|36.099282,0.0
103.8801|36.051652,28.0
103.637641|36.102022,0.0
103.852672|36.065492,0.0
103.401941|36.471351,14.0
103.624273|36.103318,21.0
103.724441|36.100528,48.0
103.826852|35.997805,4.0
103.839233|36.205627,0.0
103.827087|36.054942,0.0
102.854291|36.344445,11.0
103.790784|36.056891,0.0
103.70822|36.076322,62.0
103.858941|36.067332,0.0
104.296405|35.760856,73.0
103.762709|35.966689,95.0
103.978406|36.465513,4.0
103.82901|36.058594,11.0
103.87933|36.033148,19.0
103.675731|36.095269,1.0
103.913023|36.04225,39.0
103.89435|36.033978,6.0
103.662034|36.083251,3.0
103.842691|36.050786,0.0
103.331474|36.641348,26.0
103.687507|36.205666,0.0
103.828542|36.053573,1.0
103.835838|36.106011,57.0
103.841583|36.051899,0.0
103.253332|36.733066,112.0
103.811255|36.023439,10.0
103.643347|36.486079,0.0
104.085896|35.830493,13.0
103.729238|36.102403,144.0
103.258318|36.727945,29.0
103.89397|36.037769,0.0
103.624134|36.094592,25.0
103.831045|36.044417,0.0
102.859795|36.346932,11.0
103.877152|36.026959,86.0
103.796673|36.05948,54.0
103.829948|36.058592,0.0
103.840935|36.04937,34.0
103.637087|36.126728,5.0
103.932751|36.50996,4.0
103.664878|36.638214,0.0
103.90178|36.050169,0.0
103.694197|36.057375,10.0
103.630113|36.099744,39.0
103.281237|36.167905,36.0
103.807764|36.061963,0.0
103.923573|36.251873,9.0
103.845187|36.071347,0.0
103.811197|36.072029,126.0
103.838924|36.050682,22.0
103.819799|36.05406,0.0
103.849288|36.044413,39.0
103.6833|36.726381,4.0
103.618102|36.507278,4.0
103.808453|36.089068,6.0
103.712117|36.485539,14.0
103.951288|36.020512,6.0
102.86362|36.575074,3.0
104.023956|35.984755,2.0
103.699311|36.094012,215.0
104.1591|36.072537,0.0
103.829938|36.058702,6.0
103.710385|36.09702,108.0
103.748885|36.100222,0.0
103.672843|36.088812,3.0
103.638148|36.101434,25.0
103.849068|36.053556,1.0
102.907042|36.792505,0.0
103.214728|36.80697,8.0
103.851424|36.055032,82.0
103.621859|36.094364,67.0
103.766704|36.073683,0.0
103.734728|36.085139,143.0
103.825777|36.053179,0.0
103.80967|36.055718,132.0
103.709086|36.531103,15.0
103.800533|36.239552,72.0
103.90224|36.050019,75.0
103.803601|36.068081,2.0
103.823215|36.057684,0.0
103.818023|36.060285,1.0
103.691347|36.098156,0.0
103.207668|36.189749,6.0
102.876793|36.436683,53.0
103.653842|36.086977,28.0
103.768102|36.047647,23.0
103.697584|36.205684,0.0
104.116134|35.851279,68.0
103.957524|35.793516,1.0
103.73385|36.036002,11.0
103.759786|36.079507,20.0
103.817884|36.061395,0.0
103.895233|36.053666,0.0
103.76309|36.073406,90.0
103.841993|36.054739,66.0
103.855593|36.048731,0.0
103.854902|36.064361,1.0
103.698149|36.104732,25.0
104.029762|35.882916,12.0
102.865188|36.347771,10.0
103.886814|36.028111,37.0
103.82417|36.059393,0.0
103.871531|36.061303,1.0
103.827971|36.05282,1.0
103.695692|36.084173,65.0
103.261322|36.737151,26.0
103.041701|36.909984,1.0
103.856164|36.031589,151.0
103.63449|36.521142,1.0
103.907041|36.05065,24.0
104.193262|35.880298,0.0
103.787216|36.068935,1.0
103.767944|36.083055,0.0
103.867526|36.048446,2.0
103.860417|36.055228,0.0
103.840506|36.051261,0.0
103.822055|36.049535,1.0
104.051432|35.900594,1.0
103.846014|36.04828,101.0
103.717339|36.10442,41.0
103.869104|36.056195,380.0
103.623475|36.20556,0.0
103.825478|36.055781,0.0
103.817085|36.060656,79.0
103.268|36.7293,17.0
103.749565|36.094391,33.0
103.911803|36.04638,0.0
103.696079|36.094736,99.0
103.847727|36.03812,46.0
103.816636|36.061667,1.0
103.699482|36.108935,3.0
103.839358|36.055244,0.0
104.234561|35.877975,192.0
103.825594|36.050445,3.0
103.902279|36.038577,66.0
103.674308|36.120642,9.0
103.93655|36.166528,8.0
103.709153|36.104779,14.0
103.872039|36.031316,40.0
103.670732|36.477633,0.0
103.73296|36.057056,91.0
103.842212|36.050177,1.0
104.017249|35.947194,35.0
103.945383|36.022991,17.0
103.641816|36.108651,12.0
104.29372|35.78276,104.0
103.697003|36.091202,56.0
103.831339|36.058553,0.0
103.828551|36.062486,0.0
103.826453|36.047129,1.0
103.778935|36.060312,0.0
103.835757|36.073024,5.0
103.860487|36.037273,1.0
103.58649|36.592598,1.0
103.584769|36.342281,48.0
103.831325|36.043316,0.0
103.265792|36.168803,23.0
103.82458|36.060762,0.0
102.862711|36.338605,6.0
104.104078|35.864928,28.0
103.927448|36.350915,31.0
103.875745|36.043394,0.0
103.825707|36.05877,6.0
103.816893|36.205669,0.0
103.631805|36.090324,29.0
104.192152|35.852732,0.0
103.764044|36.058962,43.0
103.715174|36.081263,25.0
103.83026|36.09919,141.0
103.8537|36.053428,1.0
103.864292|36.068264,49.0
103.846666|35.902595,0.0
103.258839|36.750509,37.0
103.676594|36.113434,13.0
103.863682|36.04205,3.0
103.75629|36.575222,0.0
103.878162|36.053104,91.0
103.716938|36.098949,100.0
103.83853|36.055515,0.0
103.840954|36.032606,128.0
103.848789|36.052176,1.0
103.851397|36.205605,0.0
103.618624|36.095172,0.0
103.825477|36.05578,0.0
103.839358|36.060795,0.0
103.746402|36.059523,40.0
104.263897|35.675127,4.0
103.834558|36.037219,52.0
103.876066|36.075271,59.0
103.762256|36.089239,30.0
103.861137|36.063868,154.0
103.534754|36.123921,146.0
103.756547|36.082299,11.0
103.808922|36.088487,13.0
103.821087|36.071941,53.0
104.017883|35.988608,4.0
103.731409|36.075899,17.0
104.02919|35.950912,32.0
103.691922|36.077535,65.0
103.393089|36.411884,39.0
103.208715|36.824124,68.0
103.22666|36.790436,22.0
103.693216|36.513101,26.0
103.840302|36.054204,1.0
103.780171|36.205722,0.0
103.74411|36.050791,18.0
103.638626|36.136119,17.0
103.850918|35.915441,14.0
104.159791|35.937285,26.0
103.640172|36.082383,79.0
103.872918|36.043798,0.0
103.774512|36.073198,135.0
103.874018|36.06157,1.0
103.621906|36.098748,0.0
103.866786|36.032943,39.0
103.849338|36.281828,39.0
103.677685|36.071148,5.0
103.971481|36.052216,84.0
103.922272|36.043276,130.0
103.789312|36.232799,39.0
103.834369|36.054703,142.0
103.375037|36.12838,2.0
103.856272|36.040206,1.0
103.472557|36.175131,50.0
103.85365|36.075943,2.0
103.767164|36.066832,67.0
103.58295|36.100362,9.0
103.713029|36.068697,112.0
103.739348|36.074274,147.0
103.629907|36.085149,0.0
103.767954|36.068246,0.0
103.876413|36.033572,105.0
103.613495|36.477832,31.0
103.733102|36.092914,26.0
103.738187|36.089396,50.0
103.889713|36.048874,0.0
103.828375|36.059284,0.0
103.74094|36.095149,11.0
103.733634|36.06774,138.0
102.971239|36.303119,2.0
103.900939|36.031036,50.0
103.645609|36.520363,6.0
103.890397|36.051001,0.0
103.845765|36.061793,67.0
103.799043|36.227589,34.0
103.036387|36.65253,0.0
103.987746|36.172488,7.0
103.780034|36.0599,9.0
103.627638|36.089039,41.0
103.017008|36.263862,19.0
103.864852|36.087898,65.0
103.847452|36.054088,61.0
103.674727|36.494458,36.0
103.849477|36.048484,1.0
103.952531|36.026066,183.0
103.67586|36.106591,24.0
103.949829|36.339937,10.0
103.872369|36.045739,0.0
103.80967|36.06249,75.0
103.883476|36.027123,14.0
103.839739|36.052621,58.0
103.854059|36.047436,4.0
103.820653|36.054215,7.0
103.774129|36.051344,0.0
103.722778|36.105697,198.0
103.701035|36.083015,23.0
103.836274|36.050068,148.0
103.738321|36.079627,3.0
103.687824|36.118877,28.0
103.803072|36.068492,1.0
103.691683|36.116303,0.0
103.850456|36.062445,1.0
103.618546|36.129779,18.0
103.876124|36.049185,99.0
103.965418|35.996539,17.0
103.891303|36.080829,57.0
104.120413|35.847618,14.0
103.89449|36.04069,26.0
103.691954|36.107562,0.0
103.825592|36.05332,1.0
103.846673|36.059966,62.0
103.631935|36.093565,180.0
103.875976|36.084003,12.0
103.830237|36.054601,1.0
103.863312|36.048602,0.0
103.684825|36.102618,0.0
103.590967|36.086364,77.0
103.773919|36.060616,67.0
103.147194|36.197868,10.0
103.990106|35.994256,17.0
103.851135|36.076047,0.0
103.64416|36.08512,41.0
103.728325|36.087738,61.0
103.845635|36.038859,167.0
103.770552|36.073651,0.0
103.849807|36.049784,9.0
103.835249|36.09429,42.0
103.864061|36.205585,2.0
103.704682|36.076967,65.0
103.753047|36.053095,100.0
103.871959|36.043767,5.0
103.728073|36.050101,11.0
103.958838|35.997584,164.0
103.705375|36.098912,26.0
103.824579|36.054851,72.0
104.15483|35.936954,30.0
104.06631|35.913745,19.0
103.851437|36.068172,31.0
103.700614|36.086622,48.0
103.723175|36.052981,127.0
103.826336|36.056098,0.0
103.890403|36.051004,0.0
103.776418|36.070066,9.0
103.822364|36.045183,0.0
103.376204|36.46254,29.0
102.983721|36.282867,35.0
104.151766|35.943581,16.0
103.726542|36.051549,113.0
103.810518|36.058558,23.0
103.861326|36.057356,30.0
103.859319|36.054929,1.0
104.116214|35.848148,44.0
103.810829|36.090124,5.0
103.849027|36.032421,123.0
103.725292|36.097568,0.0
103.709794|36.077646,1.0
103.747372|36.055972,26.0
104.115395|36.205923,0.0
103.919289|36.054335,24.0
103.773099|36.07249,42.0
103.876953|36.042323,26.0
103.611882|36.456131,27.0
103.729738|36.099512,2.0
103.820327|36.041616,56.0
103.828002|36.054715,0.0
103.710143|36.05358,0.0
103.877573|36.054835,115.0
104.074722|36.032273,105.0
103.953187|36.323599,45.0
103.800362|35.977397,8.0
104.115749|35.849479,1.0
103.871251|36.049911,162.0
103.804819|36.473677,1.0
103.85288|36.032245,1.0
103.904622|36.081806,22.0
103.94813|36.022486,155.0
103.860158|36.043535,5.0
103.849287|36.038342,0.0
103.955027|36.014889,13.0
103.861367|36.081291,0.0
103.790461|36.056668,24.0
103.800876|36.060244,27.0
103.604241|36.107457,18.0
103.8718|36.045459,2.0
103.699754|36.554733,1.0
104.23835|36.235486,0.0
103.698058|36.090819,247.0
103.593809|36.38168,12.0
103.629912|36.08515,6.0
103.653581|36.123694,11.0
103.630102|36.085301,18.0
104.156936|35.93743,27.0
103.890834|36.087701,41.0
102.99947|36.271111,17.0
103.831695|36.076622,117.0
103.818502|36.049842,1.0
103.730419|36.100523,1.0
103.846923|36.067352,111.0
103.952215|36.334144,38.0
103.815635|36.134601,0.0
103.653422|36.082735,1.0
102.858786|36.343952,10.0
103.254073|36.734897,12.0
103.872396|36.061315,0.0
103.83364|36.042262,70.0
103.569425|36.620204,0.0
103.601441|36.432987,22.0
103.960212|36.000377,101.0
103.213709|36.800667,0.0
103.688506|36.502708,27.0
103.672462|36.078999,10.0
104.34543|36.258715,5.0
103.788005|36.057061,119.0
103.827506|36.113578,0.0
103.793658|36.495324,55.0
103.886246|36.073599,16.0
104.16063|35.945996,7.0
103.599356|36.422026,3.0
103.857594|36.076996,43.0
103.692525|36.099091,74.0
103.873028|36.046508,1.0
103.697435|36.119945,24.0
103.323447|36.155018,54.0
103.878777|36.042249,0.0
103.855228|36.048328,0.0
103.882747|36.032185,1.0
103.358297|36.129036,17.0
103.854769|36.077251,0.0
103.772951|36.07684,0.0
103.652809|36.488375,14.0
103.769712|36.06726,13.0
103.682588|36.076428,0.0
103.832425|36.098056,23.0
103.842422|36.069401,163.0
103.696163|36.113206,6.0
103.835207|36.054701,0.0
103.557436|36.666156,0.0
103.789123|36.051709,50.0
103.670507|36.10164,22.0
103.625783|36.719864,4.0
103.837273|36.052627,0.0
102.865095|36.492881,47.0
103.789513|36.06057,0.0
103.793895|36.064209,0.0
103.768363|36.069231,261.0
103.632437|36.099496,2.0
103.813552|36.060413,16.0
103.836913|36.045016,79.0
103.614259|36.094488,47.0
103.763744|36.055971,93.0
103.869204|36.070428,53.0
103.762662|36.052576,1.0
103.961527|36.015514,33.0
103.893901|36.051912,1.0
103.758344|36.052802,5.0
103.82877|36.045781,1.0
103.614206|36.491018,1.0
103.62268|36.099616,0.0
103.822806|36.056483,36.0
103.705335|36.095632,61.0
103.826885|36.059148,0.0
103.430188|36.208792,93.0
104.188478|35.840985,1.0
103.857197|36.048803,0.0
103.780454|36.071453,5.0
103.922446|36.036815,68.0
103.782771|36.065559,1.0
103.873802|35.928271,0.0
103.852461|36.039367,17.0
103.689729|36.126112,15.0
103.803927|36.058529,110.0
103.920841|36.064589,11.0
103.832742|36.046404,70.0
103.730459|36.094582,6.0
103.805988|36.086381,26.0
103.666981|36.094144,46.0
103.590966|36.072871,35.0
103.597361|36.412561,12.0
103.755116|36.260571,9.0
103.713621|36.099527,0.0
103.776968|36.076457,159.0
103.725101|36.097828,0.0
103.82855|36.043592,8.0
103.968922|36.039477,4.0
103.762664|36.052581,0.0
103.819578|36.248074,4.0
103.943323|36.343975,5.0
103.775068|36.055624,3.0
103.85874|36.100397,76.0
104.0111|36.039009,164.0
103.749463|36.050212,29.0
104.009811|35.952776,6.0
103.81968|36.05473,1.0
103.762704|36.05117,2.0
103.786527|36.066015,162.0
103.769333|36.082594,0.0
103.833082|36.055946,0.0
103.749083|36.054566,29.0
103.792789|36.066157,1.0
103.850655|36.068587,2.0
103.286944|36.70277,28.0
104.017651|35.95613,13.0
103.959148|35.995724,66.0
103.829059|36.238854,0.0
103.272336|36.720647,10.0
103.849617|36.051604,60.0
103.850485|36.042371,3.0
103.603372|36.151717,44.0
103.607927|36.632148,0.0
104.164272|35.931165,19.0
103.674678|36.52117,32.0
103.81433|36.058121,31.0
103.94206|36.348626,25.0
103.852061|36.029776,29.0
103.619236|36.116637,31.0
103.850798|35.914762,2.0
103.612207|36.097478,103.0
104.237675|35.871296,0.0
103.546823|36.11389,64.0
103.855755|36.03422,0.0
103.861938|36.062624,0.0
103.861795|36.057706,136.0
103.847122|36.059951,20.0
103.736454|36.058649,25.0
103.815069|36.053729,0.0
103.629671|36.093772,22.0
103.907042|36.063312,0.0
103.849907|36.061056,1.0
103.630212|36.090262,0.0
103.849199|36.069909,3.0
103.821607|36.076321,9.0
103.203493|36.181334,2.0
103.737968|36.103339,17.0
103.762145|36.070155,0.0
103.614297|36.491198,32.0
103.911554|36.069555,33.0
103.847751|36.046137,105.0
103.744202|36.098971,0.0
103.870139|36.033517,13.0
102.885624|36.563162,1.0
103.650364|36.495117,15.0
103.847459|36.205612,0.0
103.74127|36.09821,0.0
103.746023|36.264942,16.0
104.233191|36.341992,2.0
103.753866|36.092451,12.0
103.828654|36.044182,7.0
103.822745|36.054032,0.0
103.727909|36.278047,26.0
103.713392|36.117578,3.0
103.261291|36.729937,132.0
103.916647|36.050493,5.0
103.777537|36.073396,3.0
103.740039|36.097579,2.0
103.763245|36.076945,11.0
103.876427|36.032782,2.0
103.867286|36.045255,0.0
103.257318|36.740652,38.0
103.948639|36.470644,1.0
103.816726|36.056256,1.0
103.793567|36.06383,2.0
103.842851|36.057628,0.0
103.710266|36.105011,88.0
103.729387|36.055796,5.0
102.852664|36.348324,17.0
103.432967|36.268593,98.0
103.836315|36.066912,189.0
103.664875|36.119319,37.0
103.769246|36.132785,16.0
103.815529|36.079453,59.0
103.790388|36.40282,5.0
102.880427|36.338053,11.0
103.621321|36.109289,35.0
103.899559|36.046829,0.0
103.846583|36.05266,0.0
103.874466|36.029693,51.0
102.871963|36.349746,15.0
104.224329|35.896418,250.0
103.706938|36.70443,1.0
103.840667|36.081057,111.0
103.878142|36.044772,0.0
104.253992|36.235452,0.0
103.395434|36.456863,94.0
103.888834|36.069408,27.0
103.336005|36.148851,68.0
103.366801|36.603447,68.0
103.728866|36.084168,40.0
103.854329|36.073551,0.0
103.829978|36.04921,0.0
103.649055|36.084757,19.0
103.957867|36.03716,4.0
103.838718|36.034501,249.0
103.834099|36.049132,0.0
103.805798|36.088432,1.0
103.858191|36.043278,11.0
103.847125|36.059948,2.0
102.833744|36.587541,10.0
103.713109|36.055195,3.0
103.640613|36.092546,1.0
103.692934|36.485688,14.0
103.806815|36.049942,109.0
103.866248|36.048187,2.0
103.855257|36.060587,106.0
103.651514|36.251409,0.0
103.854328|36.048546,1.0
103.917093|36.045296,3.0
103.71357|36.054161,0.0
103.85378|36.070491,0.0
103.873016|36.071624,73.0
103.727804|36.109979,27.0
103.722798|36.085258,2.0
103.72502|36.075613,36.0
103.737337|36.103638,103.0
103.832992|36.061087,1.0
103.847122|36.048278,0.0
103.745153|36.101772,217.0
103.760227|36.637205,0.0
103.87597|35.945478,138.0
103.769203|36.073682,101.0
103.203563|36.177892,22.0
102.938367|36.783987,0.0
103.637947|36.085411,23.0
103.612278|36.10665,37.0
104.007271|35.963031,2.0
104.248495|36.154453,5.0
103.8999|36.062082,31.0
103.27005|36.741628,0.0
103.687733|36.118876,43.0
103.778136|36.070295,4.0
103.866518|36.057089,66.0
103.82262|36.059525,0.0
103.85287|36.048789,0.0
103.865398|36.036726,52.0
103.654161|36.660468,38.0
103.843519|36.050505,3.0
104.111556|35.854083,13.0
103.311366|36.683105,10.0
104.412354|36.022632,2.0
103.910051|36.033287,13.0
103.843426|36.057477,0.0
103.883587|36.041366,51.0
103.795234|36.054051,260.0
103.85287|36.037996,0.0
103.914014|36.046831,1.0
103.8521|36.205604,0.0
103.729146|36.071196,47.0
103.766726|36.068469,1.0
103.724651|36.102258,243.0
103.403838|36.392269,45.0
103.716708|36.117742,2.0
103.838251|36.057466,0.0
103.837981|36.057467,1.0
103.847122|36.042997,0.0
103.909816|36.055141,83.0
103.830577|36.05001,0.0
103.850177|36.078279,0.0
103.829718|36.205645,0.0
103.850445|36.046306,7.0
103.723306|36.044255,4.0
104.149217|35.88541,36.0
103.604365|36.442253,11.0
103.845435|36.04411,1.0
103.839099|36.062596,143.0
103.666395|36.115057,34.0
102.875837|36.503993,2.0
103.467072|36.162342,107.0
103.221396|36.170937,25.0
102.847832|36.375741,3.0
103.866763|36.063292,43.0
103.611502|36.657784,1.0
103.85857|36.049269,0.0
103.615721|36.096,66.0
103.873348|36.045578,40.0
103.832313|36.058658,2.0
103.82078|36.057569,0.0
103.8167|36.058795,1.0
103.823282|36.047772,68.0
103.760866|36.076336,29.0
103.867167|36.069721,2.0
103.834368|36.04441,0.0
103.834239|36.079483,76.0
102.866537|36.412661,2.0
103.856276|36.076328,1.0
103.827337|36.108021,31.0
103.817744|36.056114,0.0
103.928774|36.108565,1.0
103.88076|36.068134,1.0
103.742539|36.05231,31.0
103.820518|36.054999,0.0
103.679368|36.471179,0.0
103.851475|36.071545,44.0
104.239259|36.2144,1.0
104.210647|35.938026,2.0
103.708141|36.108619,24.0
103.878392|36.044032,43.0
103.838879|36.058725,71.0
103.787167|36.075886,38.0
103.839358|36.055794,0.0
103.792519|36.058936,43.0
103.834368|36.04302,0.0
103.827163|36.038873,58.0
103.99925|35.969598,10.0
103.642068|36.122065,4.0
103.832493|36.055777,176.0
103.65177|36.113318,11.0
103.877883|36.061406,108.0
103.788005|36.057064,43.0
103.696274|36.000215,0.0
103.794957|36.056321,67.0
103.766463|36.053459,50.0
103.864601|36.062313,26.0
103.898209|36.03831,41.0
104.106493|36.019163,83.0
103.759815|36.064254,60.0
103.729228|36.109204,51.0
104.230859|35.799253,0.0
103.243187|36.742664,1.0
103.667013|36.301571,15.0
103.860288|36.063179,0.0
103.77484|36.08472,46.0
103.677463|36.4796,8.0
103.786946|36.054152,143.0
103.616153|36.126006,6.0
103.734073|36.098075,76.0
103.793906|36.057263,2.0
103.834579|36.073957,121.0
103.752486|36.095946,0.0
103.838734|36.058746,1.0
103.826456|36.072441,164.0
103.898159|36.044199,8.0
104.155758|35.933441,11.0
103.237637|36.770384,25.0
103.68598|36.302188,29.0
103.042966|36.238577,21.0
103.640142|36.092955,66.0
103.980021|36.258587,2.0
103.748364|36.096741,0.0
103.675098|36.503473,37.0
103.680345|36.127254,49.0
103.74726|36.010313,0.0
103.755505|36.064105,88.0
103.834878|36.070655,62.0
103.870061|36.026108,63.0
103.862684|36.059795,73.0
103.850735|36.059834,43.0
104.137783|35.854188,37.0
103.624824|36.106419,79.0
103.623261|36.089244,63.0
103.815797|36.053057,0.0
104.061783|35.797993,10.0
103.698841|36.110074,19.0
103.923218|36.354123,19.0
103.855985|36.054204,1.0
103.807805|36.099201,40.0
103.861055|36.032511,67.0
103.841413|36.038276,91.0
103.638365|36.470164,0.0
103.501716|36.149249,103.0
103.704813|36.088589,5.0
103.698654|36.09863,44.0
103.188543|36.876399,4.0
103.636244|36.096551,1.0
103.680918|36.10319,14.0
103.685672|36.099753,65.0
104.118173|35.844736,21.0
103.835566|36.049119,1.0
103.89724|36.04766,35.0
103.873588|36.061951,77.0
103.832154|36.06609,1.0
103.627378|36.09828,45.0
103.767913|36.075833,82.0
103.812275|36.066206,31.0
103.733713|36.102066,234.0
103.868555|36.060987,56.0
103.824656|36.18734,30.0
104.169637|35.861147,8.0
103.252825|36.174937,4.0
103.737174|36.051178,34.0
103.765292|36.434935,4.0
103.73085|36.114807,30.0
103.855278|36.079541,24.0
103.914185|36.052242,24.0
103.829389|36.051141,260.0
103.706327|36.094553,0.0
103.82883|36.044421,2.0
103.864221|36.036968,0.0
103.952003|36.318855,23.0
103.739919|36.10201,0.0
103.769242|36.06565,69.0
103.662215|36.08226,1.0
103.693917|36.500957,16.0
103.846144|36.04834,0.0
104.260395|36.346389,1.0
103.836791|35.991985,5.0
103.858103|35.793119,12.0
103.861776|36.063547,1.0
103.708872|36.093657,0.0
103.743882|36.09578,66.0
103.790911|36.064786,2.0
103.763574|36.048019,45.0
103.692581|36.078161,54.0
103.81507|36.135272,70.0
103.861546|36.070759,0.0
103.848569|36.041254,0.0
103.353036|36.617934,60.0
103.610113|36.505473,89.0
103.817983|36.056904,87.0
103.638725|36.465462,6.0
103.600779|36.103036,12.0
103.890403|36.052944,0.0
103.670735|36.477633,0.0
103.957001|35.994269,15.0
103.947663|36.33013,0.0
103.656386|36.205607,0.0
103.75108|36.081926,2.0
103.825105|36.052631,0.0
103.841633|36.040476,0.0
103.846464|36.056461,30.0
103.817505|36.062776,61.0
103.850097|36.061866,0.0
103.870395|36.037974,0.0
103.877982|36.042432,40.0
103.869746|36.057783,1.0
103.708487|36.009038,3.0
103.853249|36.049563,3.0
103.842002|36.050188,0.0
104.010714|36.159074,7.0
103.865699|36.062971,1.0
103.80777|36.245102,56.0
103.836115|36.053059,71.0
103.723962|36.090323,28.0
103.79688|36.0713,31.0
103.882468|36.040857,2.0
103.884636|36.040795,2.0
103.731424|36.1095,2.0
104.16587|35.797531,4.0
103.708716|36.591947,4.0
103.956098|35.970662,40.0
103.660278|36.490059,6.0
103.775588|36.063955,107.0
104.437588|36.254926,0.0
103.727213|36.059882,3.0
103.751055|36.079548,34.0
103.838809|36.051624,0.0
103.89348|36.029147,53.0
103.621038|36.102685,1.0
103.751212|36.067098,0.0
104.045795|35.939849,7.0
103.692003|36.096419,34.0
103.820237|36.015771,7.0
103.851004|36.047721,0.0
103.824959|36.057491,0.0
103.624693|36.087435,24.0
103.819939|36.196332,27.0
103.748762|36.047361,44.0
103.875346|36.051916,237.0
103.609617|36.143396,43.0
103.739751|36.103966,14.0
103.742251|36.102311,76.0
104.258056|35.84556,162.0
103.399554|36.746953,0.0
103.857223|36.049061,45.0
103.830497|36.05387,2.0
103.826804|36.048656,125.0
103.800576|36.054343,47.0
103.840825|36.057691,0.0
103.896573|36.111554,7.0
103.792898|36.065847,2.0
103.733391|36.053966,39.0
103.86441|36.038808,72.0
103.81666|36.055483,0.0
103.786128|36.070606,102.0
103.758025|36.048321,6.0
103.637926|36.072898,118.0
103.783591|36.070739,0.0
103.242292|36.165741,4.0
103.748847|36.051106,66.0
103.771531|36.06879,2.0
103.665297|36.105419,24.0
102.923742|36.706828,2.0
103.890592|36.057385,32.0
103.793645|36.072347,110.0
104.098245|36.018085,147.0
104.157387|35.966216,26.0
103.650304|36.639221,1.0
103.811737|36.091932,51.0
103.848982|36.053071,1.0
103.218376|36.833424,1.0
103.869035|36.045261,4.0
103.85946|36.069232,54.0
103.697364|36.106175,5.0
103.840196|36.04385,0.0
103.900566|36.113073,0.0
103.697246|36.092028,1.0
103.438293|36.240004,193.0
102.878308|36.343057,19.0
103.89817|36.058002,11.0
103.180426|36.887962,8.0
103.565857|36.112203,116.0
103.644483|36.136682,0.0
103.765943|36.05568,13.0
103.835757|36.075255,0.0
103.927171|36.098111,5.0
103.821895|36.059727,0.0
103.838989|36.055374,45.0
103.800156|36.043811,13.0
103.740027|36.052566,11.0
103.682339|36.093791,11.0
103.692117|36.096351,28.0
103.616783|36.109403,60.0
103.917056|36.043522,5.0
103.963222|36.008956,97.0
103.873467|36.041297,0.0
103.797471|36.06338,3.0
103.856105|36.042432,4.0
103.961576|36.003731,53.0
103.852024|36.307551,12.0
103.636442|36.494392,24.0
103.400051|36.493251,23.0
103.855445|36.034091,0.0
103.717033|36.092781,0.0
103.882437|36.038236,37.0
103.794236|36.073258,31.0
102.864648|36.407347,36.0
103.852491|36.030655,0.0
103.891222|36.049333,42.0
103.979466|35.981303,46.0
103.534355|36.123722,136.0
103.687743|36.118876,0.0
104.161052|35.831584,8.0
104.535343|36.235374,3.0
103.802157|36.061956,0.0
103.767062|36.029144,23.0
103.630949|36.133752,4.0
102.861389|36.488244,44.0
103.596868|36.115489,1.0
103.869093|36.039502,126.0
103.662552|36.599733,6.0
103.843908|36.045603,35.0
103.820458|36.05982,2.0
103.634471|36.10355,111.0
102.886572|36.500392,7.0
103.738126|36.071382,213.0
103.730583|36.052654,128.0
103.638578|36.083161,0.0
103.663039|36.557314,6.0
103.853639|36.035714,133.0
103.821027|36.056728,71.0
103.837702|36.053016,2.0
103.822668|36.046909,1.0
103.772941|36.07525,64.0
103.856794|36.054093,100.0
103.84821|36.059659,0.0
103.862394|36.053514,0.0
103.830218|36.054711,2.0
103.809032|36.031428,0.0
103.852563|36.050255,0.0
103.62466|36.098372,5.0
103.795285|36.063373,95.0
103.851702|36.036628,1.0
103.824051|36.058713,6.0
103.832736|36.050976,0.0
103.637928|36.104305,10.0
103.869423|36.045672,12.0
103.855582|36.035744,0.0
103.691978|36.205674,0.0
103.732046|36.205728,0.0
104.125207|35.828465,2.0
103.737976|36.071582,0.0
103.616581|36.136452,39.0
103.666076|36.534761,0.0
103.268331|36.72945,116.0
103.821346|36.051937,0.0
103.69981|36.48486,6.0
103.596258|36.289122,72.0
104.398852|36.204241,2.0
103.8861|36.03378,0.0
103.697178|36.091135,5.0
103.825827|36.049648,1.0
103.607984|36.108628,0.0
103.254183|36.724601,58.0
103.895037|36.505557,2.0
103.720874|36.0827,3.0
103.735854|36.077852,76.0
103.638028|36.097033,74.0
103.644412|36.089904,22.0
103.112043|36.837206,0.0
103.295964|36.673684,10.0
103.736884|36.058699,94.0
103.826615|36.045266,0.0
103.640601|36.497329,27.0
103.592851|36.194827,42.0
103.690971|36.113761,37.0
103.757256|36.09063,42.0
103.511446|36.148272,33.0
103.851562|36.205605,7.0
103.874582|36.044526,0.0
103.25313|36.205728,0.0
103.81926|36.055921,1.0
103.577294|36.709692,2.0
103.622891|36.101067,0.0
103.715826|36.093666,0.0
103.738194|36.271814,17.0
103.898449|36.034327,40.0
103.625199|36.090695,0.0
103.821651|36.16062,90.0
103.714292|36.10769,15.0
103.694099|36.104515,0.0
103.846492|36.030845,63.0
103.795215|36.059602,1.0
102.929173|36.707494,1.0
103.640483|36.094056,0.0
103.873688|36.062391,6.0
103.88312|36.098719,38.0
104.256297|36.245468,3.0
103.632366|36.076291,36.0
104.017735|36.034848,188.0
103.851774|36.046173,0.0
103.803403|36.097308,75.0
103.835928|35.896264,0.0
103.761164|36.040279,105.0
103.771569|36.014528,35.0
103.845466|36.059113,0.0
103.834029|36.050193,1.0
103.820392|36.058687,2.0
103.851393|36.037858,0.0
103.637926|36.061916,20.0
103.778356|36.072005,4.0
103.841304|36.042187,0.0
103.898267|36.038315,1.0
103.671721|36.111915,0.0
103.844418|36.052084,2.0
103.852661|36.034225,2.0
103.773839|36.059306,1.0
103.626116|36.100449,36.0
102.86646|36.421489,20.0
103.878493|36.064236,69.0
103.875147|36.083443,2.0
103.840226|36.039419,66.0
103.840407|36.066601,67.0
103.203941|36.853577,5.0
103.772251|36.085902,0.0
103.898729|36.038217,0.0
103.723367|36.054957,20.0
103.192424|36.82805,22.0
103.646583|36.148456,0.0
103.889835|36.05317,3.0
104.155594|35.984505,67.0
104.044589|36.03788,36.0
103.737968|36.099738,65.0
103.852432|36.287054,27.0
103.824102|36.083408,55.0
104.329358|36.325324,8.0
103.861815|36.059926,0.0
103.725493|36.108241,27.0
103.885626|36.06743,1.0
103.686125|36.66506,22.0
103.826874|36.053067,165.0
103.836344|36.265247,45.0
103.624433|36.103879,53.0
103.824559|36.041118,34.0
103.691473|36.116293,38.0
103.851692|36.036628,0.0
103.772197|36.205729,0.0
103.872918|36.043518,35.0
103.839338|36.043641,34.0
103.856274|36.040211,0.0
103.720672|36.053334,10.0
103.815538|36.060589,5.0
103.749404|36.053882,1.0
103.906741|36.205554,0.0
103.592677|36.098896,24.0
103.605783|36.114959,4.0
103.869045|36.064617,65.0
103.689569|36.132283,1.0
103.835207|36.058582,3.0
103.713821|36.07654,34.0
103.744952|36.079587,50.0
103.96878|36.00724,0.0
103.602627|36.113551,8.0
103.705475|36.103414,46.0
103.70349|36.499883,1.0
103.770832|36.06807,0.0
103.753995|36.060524,25.0
103.872|36.064623,68.0
103.826753|36.436272,0.0
103.877364|36.068998,26.0
103.593207|36.098246,5.0
103.798714|36.065518,39.0
103.828848|36.205646,0.0
103.830078|36.055241,55.0
103.824051|36.054712,0.0
103.820049|36.048088,0.0
103.824958|36.056101,0.0
103.61415|36.123054,15.0
103.888643|36.047094,103.0
103.874846|36.03923,1.0
103.841234|36.050129,0.0
103.877633|36.054905,0.0
103.925857|36.0511,25.0
103.617563|36.094251,7.0
103.271674|36.691608,2.0
103.826578|36.053106,85.0
103.882578|36.062272,83.0
104.154012|35.946207,42.0
103.638447|36.296101,36.0
103.703871|36.089488,7.0
103.70361|36.072824,59.0
103.807292|36.221279,30.0
103.095235|36.893757,0.0
103.735114|36.097516,29.0
103.691613|36.115853,0.0
103.6941|36.104512,0.0
103.864072|36.043577,6.0
103.831526|36.205641,2.0
103.864321|36.053881,21.0
104.341659|36.144146,0.0
104.285707|35.74015,142.0
103.842132|36.057739,0.0
103.950439|36.321782,6.0
103.792789|36.065877,6.0
104.289803|35.79897,136.0
103.853411|36.295935,15.0
103.604271|36.110328,17.0
103.664001|36.543071,8.0
103.834099|36.043861,0.0
103.85406|36.069941,0.0
103.688171|36.479967,3.0
103.661484|36.109105,30.0
103.613799|36.099389,55.0
103.895068|36.053094,0.0
103.608727|36.449141,19.0
103.81923|36.050811,131.0
103.863951|36.034088,33.0
103.966922|35.98594,23.0
103.819699|36.050189,0.0
103.402018|36.357322,40.0
103.786425|36.015224,17.0
103.84334|36.042944,0.0
104.234231|36.231107,4.0
103.709223|36.085996,30.0
103.873188|36.047138,0.0
103.769244|36.092506,15.0
103.627208|36.095159,58.0
103.627262|36.300383,43.0
103.86488|36.047419,1.0
103.839625|36.058055,0.0
103.593261|36.179133,37.0
103.807476|36.100982,8.0
103.656011|36.135819,0.0
103.771114|36.062856,227.0
103.776747|36.056993,22.0
103.736243|36.040645,68.0
103.596163|36.25374,39.0
103.625116|36.59695,33.0
103.254313|36.73805,82.0
103.844916|36.051893,0.0
103.841304|36.042457,8.0
103.841433|36.041387,3.0
103.728106|36.105972,52.0
103.783911|36.071719,3.0
103.812234|36.047692,2.0
103.857104|36.066595,0.0
104.101287|35.855715,48.0
103.756451|36.189532,0.0
103.721917|36.107957,47.0
103.683061|36.115447,15.0
103.783081|36.065608,0.0
103.697737|36.092529,119.0
103.616842|36.098831,103.0
103.269216|36.153452,1.0
103.321394|36.656227,31.0
103.802423|36.063712,47.0
103.674285|36.060419,0.0
103.791351|36.066149,54.0
103.78528|36.065233,0.0
102.873855|36.455043,4.0
103.834309|36.052853,0.0
103.909882|36.060972,0.0
104.110739|35.888252,13.0
103.763744|36.062072,83.0
102.917184|36.313799,13.0
103.425801|36.286122,73.0
103.622059|36.103256,49.0
103.852901|36.042237,1.0
103.852407|36.103832,18.0
103.60204|36.104096,2.0
103.81973|36.058951,1.0
103.724369|36.072612,36.0
103.850661|36.205606,10.0
103.67834|36.128261,1.0
103.909453|36.074095,10.0
103.5961|36.165219,0.0
103.770431|36.056358,16.0
103.697836|36.479974,14.0
103.8097|36.066,11.0
103.863253|36.048732,0.0
103.825729|36.048523,0.0
103.713803|36.105366,27.0
103.90371|36.057181,48.0
103.853729|36.043646,57.0
103.830213|36.173056,36.0
103.718752|36.108813,32.0
103.751306|36.087095,35.0
103.595292|36.172045,28.0
103.266277|36.725436,34.0
103.749475|36.097582,0.0
103.634796|36.092162,95.0
103.890412|36.045972,3.0
103.821347|36.059868,0.0
103.729942|36.110282,0.0
103.822836|36.116587,128.0
103.842161|36.032804,0.0
103.872828|36.035406,1.0
103.859489|36.055109,144.0
103.811198|36.092954,32.0
103.803051|36.050928,175.0
103.822214|36.17865,12.0
103.877985|36.097443,70.0
103.8816|36.068646,4.0
103.08469|36.231111,10.0
103.854897|36.047984,1.0
103.828831|36.058644,0.0
103.649289|36.455485,5.0
103.824958|36.043318,1.0
104.197982|35.898048,207.0
103.622049|36.097925,25.0
103.830261|36.137288,15.0
104.301748|35.774338,109.0
103.70804|36.094776,0.0
103.910402|36.038428,51.0
103.740327|36.103691,8.0
103.888873|36.041192,67.0
103.706905|36.112297,7.0
103.764294|36.050529,71.0
103.851883|36.063313,16.0
103.837277|36.051153,11.0
103.754164|36.055053,65.0
103.885845|36.055117,1.0
103.743359|36.04757,0.0
103.826905|36.062629,101.0
103.6334|36.129584,0.0
103.869994|36.076568,146.0
103.723479|36.103427,405.0
103.724992|36.11021,62.0
103.965067|36.0035,5.0
103.800685|36.051282,4.0
103.72422|36.094266,29.0
103.848789|36.049105,0.0
103.850736|36.062404,1.0
103.823841|36.053883,0.0
103.522517|36.151806,19.0
103.825766|36.042687,29.0
103.873728|36.069482,16.0
103.848948|36.035852,82.0
103.820464|35.96669,0.0
103.790718|36.069207,21.0
103.89953|36.059502,0.0
103.790022|36.06366,47.0
103.868771|36.205578,0.0
103.971391|36.277468,7.0
103.9046|36.048289,3.0
103.917107|36.044092,99.0
103.822753|36.052794,164.0
103.825507|36.052219,0.0
103.811197|36.057726,138.0
103.90162|36.054381,96.0
103.859949|36.0655,48.0
103.673873|36.458331,8.0
103.850826|36.205606,0.0
103.872489|36.057361,105.0
103.728316|36.09409,0.0
103.918177|36.034051,75.0
103.700585|36.113998,10.0
103.92089|36.041244,102.0
103.776118|36.063935,50.0
103.819131|36.052501,0.0
103.818841|36.04395,9.0
103.825025|36.060798,17.0
103.582894|36.629852,1.0
103.727262|36.042428,1.0
103.828381|36.042572,1.0
103.598119|36.105485,0.0
103.762353|36.523972,2.0
104.19511|35.917335,114.0
103.653813|36.083506,1.0
103.820328|36.052219,1.0
102.869794|36.340685,25.0
103.847412|36.06106,6.0
103.902371|36.066583,23.0
103.821208|36.057469,1.0
102.889875|36.347109,0.0
102.94638|36.294999,63.0
103.966973|35.999794,28.0
103.89723|36.05088,39.0
103.830217|36.05081,5.0
103.659336|36.501923,11.0
103.737666|36.082205,0.0
103.870072|36.052393,10.0
103.941485|36.043659,9.0
103.166987|36.886106,12.0
103.832772|36.051025,126.0
103.779565|36.064342,217.0
