103.846091|36.058077,0.0
103.802213|36.056691,496.0
103.843419|36.031372,187.0
103.758507|36.610495,6.0
103.654145|36.540032,56.0
104.138013|35.860229,12.0
103.815228|36.058776,6.0
103.818761|36.051291,19.0
103.760045|36.055072,102.0
103.832362|36.040104,493.0
103.891232|36.052674,0.0
103.893187|36.061453,70.0
103.704972|36.684305,1.0
103.805848|36.094023,262.0
103.764919|35.967381,5.0
103.761385|36.053081,22.0
103.394928|36.535519,20.0
103.838242|36.091473,302.0
102.887169|36.436143,87.0
103.838251|36.056906,0.0
102.854601|36.339577,63.0
102.871478|36.421916,57.0
103.839857|36.271162,31.0
103.734242|36.060388,214.0
103.757211|36.08719,285.0
103.823732|36.067836,387.0
103.713044|36.093204,28.0
103.689239|36.205669,0.0
103.840745|36.0494,1.0
103.846275|36.071414,142.0
103.720635|36.100834,797.0
103.658913|36.118087,42.0
102.857737|36.347845,342.0
103.83825|36.051905,0.0
103.715827|36.11402,66.0
103.82908|36.066775,0.0
104.365447|36.231528,4.0
103.734942|36.054407,0.0
103.666767|36.08716,131.0
103.619476|36.097343,0.0
103.735432|36.082649,4.0
104.120951|35.849976,40.0
103.860898|36.068619,0.0
103.581947|36.677441,1.0
103.628921|36.104323,131.0
103.683482|36.107206,117.0
103.831396|36.079724,98.0
103.698347|36.475893,83.0
103.678002|36.098669,25.0
103.694119|36.100974,63.0
103.887065|36.059898,0.0
103.645793|36.128329,70.0
103.8718|36.061303,0.0
103.926318|36.04511,124.0
103.868414|36.043793,184.0
103.824505|36.205655,0.0
103.25788|36.737149,126.0
103.884547|36.067821,596.0
103.314947|36.687094,32.0
103.947551|36.330034,82.0
103.835247|36.057832,105.0
103.359873|36.964745,3.0
103.994772|36.150204,64.0
103.77136|36.067693,8.0
103.781725|36.064705,6.0
103.610075|36.109269,39.0
103.836465|36.053893,22.0
103.958617|36.003524,98.0
103.700654|36.100975,139.0
103.858192|36.062542,153.0
103.867906|36.057257,63.0
103.829379|36.048031,6.0
103.710267|36.132757,1.0
103.626548|36.121344,277.0
103.851862|36.035787,0.0
103.811447|36.060346,3.0
104.052785|36.079998,1.0
102.959343|36.292276,195.0
103.757123|36.018095,83.0
103.856554|36.052163,115.0
103.713568|36.011312,5.0
103.675179|36.075724,23.0
103.823443|36.05651,100.0
103.794446|36.066985,188.0
102.816264|36.605384,124.0
103.847142|36.05806,221.0
103.884006|36.043427,0.0
103.848521|36.088534,8.0
104.178784|35.952603,118.0
103.654941|36.620236,27.0
103.269051|36.716812,240.0
103.591134|36.36261,36.0
103.448513|36.178177,65.0
103.693115|36.495333,57.0
103.783121|36.07255,0.0
103.766239|35.974152,44.0
102.865248|36.340612,101.0
103.841245|36.076515,130.0
103.796127|36.049533,57.0
104.158661|35.912311,24.0
103.708637|36.205701,6.0
103.739749|36.10397,201.0
103.661829|36.591223,15.0
104.145373|36.215402,5.0
103.83941|36.103914,2.0
103.199954|36.805921,25.0
103.788904|36.064211,1.0
103.694199|36.111887,0.0
103.590166|36.310768,63.0
103.691335|36.100499,0.0
102.821146|36.602533,87.0
103.882288|36.046268,229.0
103.846712|36.037017,1.0
103.691883|36.108352,223.0
103.94598|36.350943,3.0
103.383889|36.151038,62.0
103.806807|36.091011,149.0
103.879827|36.069409,3.0
103.845984|36.043459,47.0
103.735135|36.096406,6.0
103.849617|36.040772,1.0
103.622862|36.134964,107.0
103.886314|36.031322,1.0
103.729748|36.099602,128.0
103.741771|36.106881,124.0
103.839208|36.052383,0.0
103.781064|36.073032,74.0
103.17718|36.189622,85.0
103.752574|36.050932,136.0
103.881549|36.055761,487.0
103.889217|36.043254,2.0
103.81968|36.057231,1.0
103.840745|36.044119,3.0
102.891953|36.517396,8.0
103.587334|36.234039,54.0
103.957514|36.000501,82.0
103.867077|36.06438,17.0
103.697016|36.116943,5.0
104.000986|35.944878,9.0
103.830217|36.046639,15.0
102.824749|36.581855,9.0
103.802503|36.061422,1.0
104.085575|35.815478,153.0
103.824567|36.004421,17.0
103.965589|36.004331,457.0
103.893992|36.205556,0.0
103.831325|36.057759,3.0
103.839358|36.061075,0.0
102.889609|36.425267,4.0
103.800551|36.05114,77.0
103.772051|36.078251,160.0
103.869268|35.935918,8.0
103.605027|36.104486,23.0
102.806119|36.608063,32.0
103.896471|36.064084,392.0
103.891133|35.824829,4.0
103.99386|35.986786,114.0
103.719436|36.075302,173.0
103.857004|36.065475,190.0
103.385744|36.503158,4.0
103.824633|36.054899,24.0
103.824393|36.046932,0.0
103.680724|36.094528,58.0
103.896325|36.373023,23.0
103.903646|35.957399,4.0
103.710686|36.093539,81.0
103.679961|36.079034,2.0
103.698598|36.071066,21.0
103.65509|36.610938,17.0
103.744192|36.099121,328.0
103.871593|36.205575,19.0
103.811197|36.051875,45.0
103.826336|36.055818,4.0
103.933068|36.037585,6.0
103.811197|36.066208,72.0
103.919019|36.043223,94.0
103.743481|36.089569,0.0
103.655305|36.301949,19.0
103.793328|36.067366,8.0
103.620299|36.091169,98.0
103.821666|36.058002,1.0
103.831166|36.05812,0.0
103.771899|36.523832,20.0
103.841024|36.043848,19.0
103.877719|36.038866,6.0
103.839927|36.061904,0.0
102.849748|36.345878,0.0
103.958797|36.301599,105.0
103.784459|36.060056,275.0
103.808383|36.058311,487.0
103.457185|36.166807,115.0
103.857392|36.035208,401.0
103.569828|36.480589,19.0
103.808096|36.0348,137.0
103.843551|36.056742,232.0
103.856074|36.04775,210.0
104.114165|35.843188,182.0
103.625787|36.148039,48.0
103.878073|36.054794,106.0
103.888174|36.054896,0.0
103.652623|36.128663,60.0
103.376109|36.560496,13.0
104.239262|35.927585,6.0
103.745592|36.077857,323.0
103.925161|35.946606,6.0
103.686289|36.110272,221.0
103.712189|36.089841,121.0
103.828022|36.041272,478.0
102.855011|36.340107,209.0
103.89683|36.044009,0.0
102.858576|36.338891,1.0
103.839426|36.019486,0.0
102.965767|36.748459,2.0
103.841304|36.044398,7.0
102.849468|36.337175,42.0
103.618862|36.483688,525.0
103.747483|36.066335,40.0
103.590834|36.205392,87.0
103.423765|36.671478,12.0
103.833263|36.098574,30.0
103.810687|36.050777,116.0
103.90529|36.041568,198.0
103.915836|36.046682,153.0
103.887485|36.07141,19.0
104.290799|35.719881,103.0
103.604781|36.097835,90.0
103.768542|36.05976,649.0
103.879402|36.070416,264.0
103.740738|36.062362,71.0
103.623129|36.097274,1.0
103.914014|36.039399,499.0
103.864311|36.04677,41.0
103.740948|36.057981,513.0
103.852891|36.040676,723.0
104.050389|35.945296,205.0
103.868526|36.073009,246.0
103.714995|36.096196,8.0
103.546089|36.203331,0.0
103.812318|36.213287,117.0
104.43589|36.273033,1.0
103.592775|36.122003,69.0
103.617023|36.113634,0.0
103.732101|36.106266,282.0
103.772021|36.079211,1.0
103.767674|36.074751,73.0
103.596429|36.125631,37.0
102.879927|36.343255,33.0
103.852672|36.069673,17.0
103.739947|36.05668,9.0
103.853939|36.047946,6.0
103.737718|36.10778,244.0
103.883178|36.05518,8.0
103.885955|36.044335,0.0
103.848619|36.040744,211.0
103.778732|35.996178,118.0
103.677204|36.084269,7.0
103.833873|36.05409,0.0
103.841923|36.055709,4.0
103.955008|36.022741,191.0
103.839637|36.043851,13.0
103.89513|36.038799,110.0
104.12204|35.838471,75.0
103.896221|36.064344,84.0
103.782672|36.068609,449.0
103.912654|36.056342,0.0
103.89485|36.050991,0.0
103.890482|36.044602,135.0
103.851952|36.038587,482.0
103.849617|36.040222,0.0
103.627228|36.101961,152.0
103.869153|36.046643,86.0
103.894667|36.053931,1.0
103.687962|36.08624,50.0
103.851571|36.051864,1.0
103.263424|36.735171,117.0
103.876434|36.035872,122.0
103.855162|36.049205,30.0
103.890402|36.040831,47.0
103.846429|36.048679,1.0
103.618274|36.101623,397.0
103.828893|36.102813,41.0
103.83234|36.20564,0.0
103.866538|36.06408,17.0
103.862464|36.052554,220.0
103.871021|36.047221,122.0
103.635251|36.083967,134.0
103.802463|36.063362,2.0
103.839358|36.044461,0.0
103.654688|36.133128,56.0
103.82484|36.054223,0.0
104.164422|35.939867,57.0
103.837703|36.0708,2.0
103.395003|36.432983,28.0
103.846574|36.059681,46.0
103.73996|36.052197,109.0
103.826616|36.06665,2.0
103.776122|36.063935,7.0
103.980369|35.986776,92.0
103.867825|36.034862,223.0
102.855626|36.483501,17.0
103.831075|36.036555,359.0
103.705533|36.054763,2.0
103.822464|36.056656,2.0
103.649596|36.098529,78.0
103.828282|36.066307,226.0
103.633558|36.088776,2.0
103.858191|36.042558,0.0
103.851753|36.063303,4.0
103.686047|36.080405,153.0
103.891149|36.065935,3.0
103.642715|36.482166,28.0
103.680333|36.087826,95.0
103.873466|36.025733,4.0
103.749705|36.098872,115.0
103.709854|36.100219,198.0
103.704523|36.104992,0.0
103.826852|36.20565,2.0
103.724545|36.519848,52.0
103.911433|36.060133,174.0
103.846015|36.060783,1.0
104.202024|36.332526,2.0
103.649242|36.076666,67.0
102.8556|36.350609,0.0
103.860626|36.029182,232.0
103.837949|36.043184,58.0
103.703802|36.108502,7.0
103.956451|35.997068,256.0
103.225379|36.755944,121.0
102.860194|36.349252,81.0
103.715927|36.1105,118.0
103.776388|36.067745,221.0
104.154582|35.788271,6.0
103.902559|36.041788,288.0
103.717644|36.073511,5.0
104.187313|35.708679,3.0
103.710278|36.09971,0.0
103.66513|36.082547,63.0
103.807783|36.066744,39.0
102.854538|36.501501,3.0
103.643947|36.094583,97.0
103.872919|36.062141,17.0
103.802283|36.048889,239.0
103.718757|36.112298,12.0
103.654961|36.630752,7.0
103.87153|36.042959,8.0
103.73165|36.098134,157.0
102.7895|36.622015,10.0
103.834637|36.04349,10.0
103.915297|36.496262,1.0
103.875977|36.092345,7.0
103.823333|36.067296,186.0
103.829646|36.044128,236.0
104.06135|35.944164,1.0
103.820378|36.055079,9.0
103.751055|36.092361,96.0
103.831226|36.069922,489.0
103.887444|36.037342,120.0
103.76382|35.966942,12.0
104.263604|35.619834,1.0
103.604572|36.114909,302.0
103.860978|36.079832,17.0
103.608102|36.134981,70.0
103.740305|36.056456,91.0
103.616692|36.108123,2.0
103.751366|36.096622,115.0
103.665271|36.488347,2.0
103.836254|36.048298,325.0
103.63944|36.082983,1.0
104.055414|35.927769,58.0
103.815628|36.060009,0.0
103.705145|36.115976,18.0
102.859988|36.450923,15.0
103.743489|36.0477,149.0
103.65635|36.0836,53.0
103.89536|36.056192,205.0
103.747374|36.082328,142.0
103.78423|36.072399,0.0
103.668113|36.580292,11.0
103.750676|36.096322,0.0
103.839089|36.055244,1.0
103.872489|36.045679,441.0
103.820318|36.054129,1717.0
103.682926|36.084361,62.0
103.867277|36.06793,222.0
103.832118|36.20564,2.0
103.842143|36.06231,455.0
103.848511|36.079392,77.0
103.678075|36.478568,52.0
103.403415|36.327538,10.0
103.425815|36.298809,14.0
104.159411|35.932945,92.0
103.864431|36.050301,64.0
103.845187|36.071066,0.0
102.870304|36.345637,31.0
103.837432|36.043294,1.0
103.884666|36.054378,188.0
103.264847|36.714907,229.0
104.126157|35.854002,36.0
103.923854|36.040756,316.0
103.897551|36.066734,155.0
103.81931|36.044259,69.0
103.846473|36.044768,469.0
103.77284|36.072119,3.0
104.145377|36.251243,10.0
103.404331|36.432515,11.0
103.862635|36.080119,217.0
103.664443|36.138147,27.0
103.765304|36.068453,18.0
103.855597|36.042318,6.0
102.864639|36.347275,314.0
103.82925|36.034669,177.0
104.327954|36.321479,24.0
103.598491|36.398328,6.0
103.990872|36.014725,43.0
103.816905|36.057506,27.0
102.881912|36.529019,4.0
103.779475|36.070763,159.0
103.696064|36.11253,139.0
103.837432|36.058578,10.0
103.708871|36.080614,184.0
103.543718|36.699125,2.0
103.837712|36.058247,2.0
103.626176|36.109071,0.0
103.649843|36.531175,35.0
103.79578|36.045457,77.0
104.285388|35.68742,78.0
103.627894|36.498029,373.0
103.828245|35.915283,2.0
103.846823|36.067112,1.0
103.852112|36.04938,3.0
103.499624|36.141446,55.0
103.825347|36.252008,51.0
103.800556|36.051143,18.0
103.944315|36.339797,16.0
103.645286|36.095397,109.0
103.747372|36.057783,81.0
103.634416|36.6259,22.0
103.825039|36.060582,1.0
103.877633|36.061296,24.0
104.328172|36.172507,4.0
103.658977|36.094607,1.0
103.705827|36.059953,0.0
103.875416|36.057948,171.0
104.359045|36.125423,1.0
103.869034|36.045263,0.0
103.715075|36.104101,1.0
103.661192|36.523906,20.0
103.824703|36.046174,164.0
104.156667|35.943052,112.0
103.767644|36.082572,0.0
103.901912|36.046396,289.0
103.827503|36.045424,944.0
103.808593|36.095029,217.0
103.830936|36.054699,0.0
103.621767|36.098066,3.0
103.423756|36.267552,5.0
103.671258|36.11459,54.0
103.875976|36.086383,31.0
103.962228|36.002562,4.0
103.852402|36.050219,0.0
103.823043|36.063366,20.0
103.769182|36.053858,25.0
103.888303|36.046284,19.0
103.734774|36.092375,31.0
103.629051|36.099663,3.0
103.862973|36.049022,150.0
102.852404|36.348834,0.0
102.850127|36.346067,195.0
103.86451|36.046049,99.0
103.836465|36.0606,284.0
103.958133|35.942359,24.0
103.261502|36.733209,165.0
103.69974|36.291459,31.0
103.955845|36.325057,94.0
103.412141|36.136629,1.0
103.855007|36.059237,149.0
103.772251|36.067299,227.0
103.649423|36.09287,69.0
103.956643|36.031886,67.0
103.627297|36.088718,1.0
103.845716|36.055439,3.0
103.667176|36.48627,131.0
103.869947|36.047391,0.0
103.742149|36.066963,572.0
103.891567|35.941329,1.0
103.884786|36.060509,504.0
103.770592|36.06868,15.0
104.107598|35.856325,85.0
103.860793|36.048796,191.0
103.714341|36.103263,8.0
103.673853|36.035573,1.0
103.259679|36.734689,173.0
103.956833|36.026485,135.0
103.907441|36.063472,40.0
103.759845|36.057203,66.0
103.844897|36.050712,47.0
103.883327|36.052959,207.0
104.157964|35.936478,298.0
103.737115|36.072482,113.0
102.865621|36.405094,29.0
103.669823|36.476651,0.0
103.866641|36.072333,1.0
102.875279|36.413006,59.0
104.20098|35.907603,91.0
103.841924|36.078484,12.0
103.858191|36.043282,49.0
103.626874|36.091932,5.0
103.964887|36.0065,218.0
103.750844|36.065385,26.0
103.927368|36.036289,191.0
103.674726|36.47593,19.0
103.922779|35.963518,0.0
103.858141|36.043278,6.0
103.696443|36.079474,125.0
103.832243|36.061378,433.0
104.35917|36.325648,9.0
103.817943|36.059014,317.0
103.618761|36.483782,19.0
103.737495|36.055699,291.0
103.828602|36.0821,48.0
103.765175|36.081636,125.0
103.85966|36.079644,32.0
103.745528|36.205735,31.0
103.744863|36.106293,145.0
103.821945|36.054296,8.0
103.763745|36.067743,461.0
103.967485|36.001975,134.0
103.71332|36.074779,13.0
103.757015|36.055583,5.0
103.748813|36.051052,139.0
103.824041|36.058053,1.0
102.870503|36.343606,64.0
103.674557|36.083454,69.0
103.823528|36.046602,0.0
103.764825|36.077145,303.0
103.837702|36.055797,5.0
103.754375|36.071917,160.0
103.837703|36.087203,104.0
103.843548|36.054357,2.0
103.789463|36.06066,117.0
103.721673|36.487887,16.0
103.851284|36.047991,0.0
103.69696|36.608737,9.0
103.855623|36.205598,4.0
103.822629|36.058745,1.0
103.830806|36.047428,483.0
103.745364|36.086689,512.0
103.855767|36.088312,2.0
103.827253|36.038923,404.0
103.779684|36.05452,1.0
103.861668|36.068175,8.0
103.457512|36.166452,125.0
103.874786|36.040512,213.0
103.661958|36.124082,23.0
103.264586|36.737213,162.0
103.865041|36.071824,322.0
103.614147|36.507276,131.0
103.621121|36.099548,0.0
103.752136|36.099282,0.0
103.8801|36.051652,51.0
103.637641|36.102022,0.0
103.852672|36.065492,1.0
103.401941|36.471351,22.0
103.624273|36.103318,110.0
103.724441|36.100528,778.0
103.826852|35.997805,26.0
103.839233|36.205627,0.0
103.827087|36.054942,1.0
102.854291|36.344445,45.0
103.790784|36.056891,6.0
103.70822|36.076322,443.0
103.858941|36.067332,7.0
104.296405|35.760856,47.0
103.762709|35.966689,227.0
103.978406|36.465513,6.0
103.82901|36.058594,44.0
103.87933|36.033148,44.0
103.675731|36.095269,0.0
103.913023|36.04225,93.0
103.89435|36.033978,8.0
103.662034|36.083251,6.0
103.842691|36.050786,6.0
103.331474|36.641348,17.0
103.687507|36.205666,0.0
103.828542|36.053573,2.0
103.835838|36.106011,94.0
103.841583|36.051899,0.0
103.253332|36.733066,148.0
103.811255|36.023439,33.0
103.643347|36.486079,0.0
104.085896|35.830493,19.0
103.729238|36.102403,490.0
103.258318|36.727945,87.0
103.89397|36.037769,0.0
103.624134|36.094592,86.0
103.831045|36.044417,3.0
102.859795|36.346932,119.0
103.877152|36.026959,247.0
103.796673|36.05948,246.0
103.829948|36.058592,12.0
103.840935|36.04937,121.0
103.637087|36.126728,94.0
103.932751|36.50996,6.0
103.664878|36.638214,0.0
103.90178|36.050169,0.0
103.694197|36.057375,27.0
103.630113|36.099744,97.0
103.281237|36.167905,78.0
103.807764|36.061963,0.0
103.923573|36.251873,11.0
103.845187|36.071347,0.0
103.811197|36.072029,125.0
103.838924|36.050682,96.0
103.819799|36.05406,0.0
103.849288|36.044413,381.0
103.6833|36.726381,7.0
103.618102|36.507278,21.0
103.808453|36.089068,17.0
103.712117|36.485539,104.0
103.951288|36.020512,48.0
102.86362|36.575074,11.0
104.023956|35.984755,4.0
103.699311|36.094012,628.0
104.1591|36.072537,0.0
103.829938|36.058702,6.0
103.710385|36.09702,87.0
103.748885|36.100222,0.0
103.672843|36.088812,24.0
103.638148|36.101434,83.0
103.849068|36.053556,0.0
102.907042|36.792505,2.0
103.214728|36.80697,11.0
103.851424|36.055032,241.0
103.621859|36.094364,86.0
103.766704|36.073683,1.0
103.734728|36.085139,135.0
103.825777|36.053179,1.0
103.80967|36.055718,844.0
103.709086|36.531103,44.0
103.800533|36.239552,123.0
103.90224|36.050019,478.0
103.803601|36.068081,28.0
103.823215|36.057684,3.0
103.818023|36.060285,15.0
103.691347|36.098156,0.0
103.207668|36.189749,37.0
102.876793|36.436683,77.0
103.653842|36.086977,129.0
103.768102|36.047647,186.0
103.697584|36.205684,0.0
104.116134|35.851279,169.0
103.957524|35.793516,0.0
103.73385|36.036002,15.0
103.759786|36.079507,136.0
103.817884|36.061395,1.0
103.895233|36.053666,3.0
103.76309|36.073406,93.0
103.841993|36.054739,162.0
103.855593|36.048731,2.0
103.854902|36.064361,0.0
103.698149|36.104732,88.0
104.029762|35.882916,28.0
102.865188|36.347771,151.0
103.886814|36.028111,154.0
103.82417|36.059393,0.0
103.871531|36.061303,10.0
103.827971|36.05282,2.0
103.695692|36.084173,373.0
103.261322|36.737151,59.0
103.041701|36.909984,2.0
103.856164|36.031589,636.0
103.63449|36.521142,2.0
103.907041|36.05065,116.0
104.193262|35.880298,19.0
103.787216|36.068935,6.0
103.767944|36.083055,0.0
103.867526|36.048446,2.0
103.860417|36.055228,0.0
103.840506|36.051261,0.0
103.822055|36.049535,8.0
104.051432|35.900594,1.0
103.846014|36.04828,259.0
103.717339|36.10442,497.0
103.869104|36.056195,829.0
103.623475|36.20556,0.0
103.825478|36.055781,1.0
103.817085|36.060656,640.0
103.268|36.7293,25.0
103.749565|36.094391,143.0
103.911803|36.04638,0.0
103.696079|36.094736,578.0
103.847727|36.03812,394.0
103.816636|36.061667,12.0
103.699482|36.108935,4.0
103.839358|36.055244,0.0
104.234561|35.877975,173.0
103.825594|36.050445,17.0
103.902279|36.038577,357.0
103.674308|36.120642,52.0
103.93655|36.166528,21.0
103.709153|36.104779,13.0
103.872039|36.031316,254.0
103.670732|36.477633,0.0
103.73296|36.057056,191.0
103.842212|36.050177,1.0
104.017249|35.947194,71.0
103.945383|36.022991,540.0
103.641816|36.108651,147.0
104.29372|35.78276,72.0
103.697003|36.091202,201.0
103.831339|36.058553,0.0
103.828551|36.062486,3.0
103.826453|36.047129,1.0
103.778935|36.060312,2.0
103.835757|36.073024,1.0
103.860487|36.037273,6.0
103.58649|36.592598,2.0
103.584769|36.342281,64.0
103.831325|36.043316,5.0
103.265792|36.168803,46.0
103.82458|36.060762,1.0
102.862711|36.338605,60.0
104.104078|35.864928,134.0
103.927448|36.350915,22.0
103.875745|36.043394,0.0
103.825707|36.05877,82.0
103.816893|36.205669,0.0
103.631805|36.090324,333.0
104.192152|35.852732,11.0
103.764044|36.058962,280.0
103.715174|36.081263,93.0
103.83026|36.09919,26.0
103.8537|36.053428,1.0
103.864292|36.068264,197.0
103.846666|35.902595,24.0
103.258839|36.750509,124.0
103.676594|36.113434,65.0
103.863682|36.04205,2.0
103.75629|36.575222,0.0
103.878162|36.053104,288.0
103.716938|36.098949,294.0
103.83853|36.055515,0.0
103.840954|36.032606,301.0
103.848789|36.052176,7.0
103.851397|36.205605,0.0
103.618624|36.095172,0.0
103.825477|36.05578,9.0
103.839358|36.060795,5.0
103.746402|36.059523,198.0
104.263897|35.675127,21.0
103.834558|36.037219,225.0
103.876066|36.075271,211.0
103.762256|36.089239,121.0
103.861137|36.063868,533.0
103.534754|36.123921,57.0
103.756547|36.082299,124.0
103.808922|36.088487,95.0
103.821087|36.071941,156.0
104.017883|35.988608,18.0
103.731409|36.075899,93.0
104.02919|35.950912,64.0
103.691922|36.077535,133.0
103.393089|36.411884,3.0
103.208715|36.824124,110.0
103.22666|36.790436,48.0
103.693216|36.513101,104.0
103.840302|36.054204,0.0
103.780171|36.205722,0.0
103.74411|36.050791,12.0
103.638626|36.136119,17.0
103.850918|35.915441,34.0
104.159791|35.937285,145.0
103.640172|36.082383,105.0
103.872918|36.043798,2.0
103.774512|36.073198,155.0
103.874018|36.06157,1.0
103.621906|36.098748,0.0
103.866786|36.032943,300.0
103.849338|36.281828,49.0
103.677685|36.071148,21.0
103.971481|36.052216,76.0
103.922272|36.043276,727.0
103.789312|36.232799,93.0
103.834369|36.054703,560.0
103.375037|36.12838,2.0
103.856272|36.040206,2.0
103.472557|36.175131,177.0
103.85365|36.075943,4.0
103.767164|36.066832,179.0
103.58295|36.100362,1.0
103.713029|36.068697,204.0
103.739348|36.074274,530.0
103.629907|36.085149,0.0
103.767954|36.068246,0.0
103.876413|36.033572,362.0
103.613495|36.477832,186.0
103.733102|36.092914,13.0
103.738187|36.089396,91.0
103.889713|36.048874,4.0
103.828375|36.059284,0.0
103.74094|36.095149,66.0
103.733634|36.06774,159.0
102.971239|36.303119,44.0
103.900939|36.031036,409.0
103.645609|36.520363,55.0
103.890397|36.051001,3.0
103.845765|36.061793,325.0
103.799043|36.227589,74.0
103.036387|36.65253,2.0
103.987746|36.172488,17.0
103.780034|36.0599,91.0
103.627638|36.089039,143.0
103.017008|36.263862,25.0
103.864852|36.087898,121.0
103.847452|36.054088,120.0
103.674727|36.494458,87.0
103.849477|36.048484,0.0
103.952531|36.026066,211.0
103.67586|36.106591,69.0
103.949829|36.339937,35.0
103.872369|36.045739,0.0
103.80967|36.06249,245.0
103.883476|36.027123,75.0
103.839739|36.052621,421.0
103.854059|36.047436,15.0
103.820653|36.054215,141.0
103.774129|36.051344,0.0
103.722778|36.105697,899.0
103.701035|36.083015,123.0
103.836274|36.050068,746.0
103.738321|36.079627,6.0
103.687824|36.118877,265.0
103.803072|36.068492,4.0
103.691683|36.116303,0.0
103.850456|36.062445,1.0
103.618546|36.129779,182.0
103.876124|36.049185,329.0
103.965418|35.996539,129.0
103.891303|36.080829,95.0
104.120413|35.847618,96.0
103.89449|36.04069,90.0
103.691954|36.107562,0.0
103.825592|36.05332,13.0
103.846673|36.059966,50.0
103.631935|36.093565,212.0
103.875976|36.084003,2.0
103.830237|36.054601,17.0
103.863312|36.048602,0.0
103.684825|36.102618,2.0
103.590967|36.086364,51.0
103.773919|36.060616,431.0
103.147194|36.197868,22.0
103.990106|35.994256,50.0
103.851135|36.076047,2.0
103.64416|36.08512,30.0
103.728325|36.087738,95.0
103.845635|36.038859,860.0
103.770552|36.073651,4.0
103.849807|36.049784,136.0
103.835249|36.09429,244.0
103.864061|36.205585,37.0
103.704682|36.076967,239.0
103.753047|36.053095,147.0
103.871959|36.043767,13.0
103.728073|36.050101,53.0
103.958838|35.997584,458.0
103.705375|36.098912,138.0
103.824579|36.054851,766.0
104.15483|35.936954,288.0
104.06631|35.913745,74.0
103.851437|36.068172,380.0
103.700614|36.086622,296.0
103.723175|36.052981,136.0
103.826336|36.056098,27.0
103.890403|36.051004,0.0
103.776418|36.070066,13.0
103.822364|36.045183,0.0
103.376204|36.46254,10.0
102.983721|36.282867,62.0
104.151766|35.943581,60.0
103.726542|36.051549,185.0
103.810518|36.058558,166.0
103.861326|36.057356,52.0
103.859319|36.054929,1.0
104.116214|35.848148,202.0
103.810829|36.090124,79.0
103.849027|36.032421,561.0
103.725292|36.097568,0.0
103.709794|36.077646,0.0
103.747372|36.055972,106.0
104.115395|36.205923,0.0
103.919289|36.054335,65.0
103.773099|36.07249,111.0
103.876953|36.042323,24.0
103.611882|36.456131,56.0
103.729738|36.099512,4.0
103.820327|36.041616,371.0
103.828002|36.054715,0.0
103.710143|36.05358,2.0
103.877573|36.054835,268.0
104.074722|36.032273,159.0
103.953187|36.323599,193.0
103.800362|35.977397,22.0
104.115749|35.849479,0.0
103.871251|36.049911,419.0
103.804819|36.473677,0.0
103.85288|36.032245,1.0
103.904622|36.081806,11.0
103.94813|36.022486,613.0
103.860158|36.043535,16.0
103.849287|36.038342,0.0
103.955027|36.014889,53.0
103.861367|36.081291,0.0
103.790461|36.056668,175.0
103.800876|36.060244,348.0
103.604241|36.107457,17.0
103.8718|36.045459,19.0
103.699754|36.554733,0.0
104.23835|36.235486,1.0
103.698058|36.090819,716.0
103.593809|36.38168,23.0
103.629912|36.08515,13.0
103.653581|36.123694,75.0
103.630102|36.085301,217.0
104.156936|35.93743,358.0
103.890834|36.087701,69.0
102.99947|36.271111,45.0
103.831695|36.076622,311.0
103.818502|36.049842,0.0
103.730419|36.100523,35.0
103.846923|36.067352,411.0
103.952215|36.334144,82.0
103.815635|36.134601,28.0
103.653422|36.082735,2.0
102.858786|36.343952,121.0
103.254073|36.734897,49.0
103.872396|36.061315,6.0
103.83364|36.042262,476.0
103.569425|36.620204,0.0
103.601441|36.432987,40.0
103.960212|36.000377,368.0
103.213709|36.800667,0.0
103.688506|36.502708,17.0
103.672462|36.078999,16.0
104.34543|36.258715,7.0
103.788005|36.057061,373.0
103.827506|36.113578,0.0
103.793658|36.495324,418.0
103.886246|36.073599,149.0
104.16063|35.945996,26.0
103.599356|36.422026,9.0
103.857594|36.076996,190.0
103.692525|36.099091,129.0
103.873028|36.046508,3.0
103.697435|36.119945,132.0
103.323447|36.155018,129.0
103.878777|36.042249,9.0
103.855228|36.048328,0.0
103.882747|36.032185,3.0
103.358297|36.129036,50.0
103.854769|36.077251,1.0
103.772951|36.07684,5.0
103.652809|36.488375,14.0
103.769712|36.06726,10.0
103.682588|36.076428,0.0
103.832425|36.098056,4.0
103.842422|36.069401,349.0
103.696163|36.113206,11.0
103.835207|36.054701,0.0
103.557436|36.666156,2.0
103.789123|36.051709,108.0
103.670507|36.10164,41.0
103.625783|36.719864,4.0
103.837273|36.052627,0.0
102.865095|36.492881,123.0
103.789513|36.06057,25.0
103.793895|36.064209,0.0
103.768363|36.069231,816.0
103.632437|36.099496,5.0
103.813552|36.060413,118.0
103.836913|36.045016,353.0
103.614259|36.094488,69.0
103.763744|36.055971,151.0
103.869204|36.070428,387.0
103.762662|36.052576,0.0
103.961527|36.015514,187.0
103.893901|36.051912,4.0
103.758344|36.052802,48.0
103.82877|36.045781,3.0
103.614206|36.491018,7.0
103.62268|36.099616,0.0
103.822806|36.056483,141.0
103.705335|36.095632,44.0
103.826885|36.059148,0.0
103.430188|36.208792,5.0
104.188478|35.840985,9.0
103.857197|36.048803,0.0
103.780454|36.071453,4.0
103.922446|36.036815,667.0
103.782771|36.065559,1.0
103.873802|35.928271,4.0
103.852461|36.039367,13.0
103.689729|36.126112,84.0
103.803927|36.058529,333.0
103.920841|36.064589,23.0
103.832742|36.046404,532.0
103.730459|36.094582,34.0
103.805988|36.086381,113.0
103.666981|36.094144,55.0
103.590966|36.072871,22.0
103.597361|36.412561,27.0
103.755116|36.260571,51.0
103.713621|36.099527,2.0
103.776968|36.076457,362.0
103.725101|36.097828,1.0
103.82855|36.043592,14.0
103.968922|36.039477,11.0
103.762664|36.052581,0.0
103.819578|36.248074,21.0
103.943323|36.343975,5.0
103.775068|36.055624,65.0
103.85874|36.100397,131.0
104.0111|36.039009,65.0
103.749463|36.050212,79.0
104.009811|35.952776,7.0
103.81968|36.05473,8.0
103.762704|36.05117,13.0
103.786527|36.066015,263.0
103.769333|36.082594,2.0
103.833082|36.055946,2.0
103.749083|36.054566,152.0
103.792789|36.066157,0.0
103.850655|36.068587,2.0
103.286944|36.70277,79.0
104.017651|35.95613,84.0
103.959148|35.995724,194.0
103.829059|36.238854,0.0
103.272336|36.720647,18.0
103.849617|36.051604,162.0
103.850485|36.042371,11.0
103.603372|36.151717,143.0
103.607927|36.632148,2.0
104.164272|35.931165,90.0
103.674678|36.52117,90.0
103.81433|36.058121,140.0
103.94206|36.348626,28.0
103.852061|36.029776,212.0
103.619236|36.116637,127.0
103.850798|35.914762,4.0
103.612207|36.097478,182.0
104.237675|35.871296,2.0
103.546823|36.11389,41.0
103.855755|36.03422,0.0
103.861938|36.062624,9.0
103.861795|36.057706,292.0
103.847122|36.059951,127.0
103.736454|36.058649,146.0
103.815069|36.053729,16.0
103.629671|36.093772,62.0
103.907042|36.063312,8.0
103.849907|36.061056,0.0
103.630212|36.090262,4.0
103.849199|36.069909,10.0
103.821607|36.076321,112.0
103.203493|36.181334,47.0
103.737968|36.103339,20.0
103.762145|36.070155,1.0
103.614297|36.491198,310.0
103.911554|36.069555,60.0
103.847751|36.046137,267.0
103.744202|36.098971,0.0
103.870139|36.033517,10.0
102.885624|36.563162,3.0
103.650364|36.495117,208.0
103.847459|36.205612,2.0
103.74127|36.09821,0.0
103.746023|36.264942,34.0
104.233191|36.341992,12.0
103.753866|36.092451,54.0
103.828654|36.044182,70.0
103.822745|36.054032,13.0
103.727909|36.278047,62.0
103.713392|36.117578,52.0
103.261291|36.729937,232.0
103.916647|36.050493,34.0
103.777537|36.073396,4.0
103.740039|36.097579,12.0
103.763245|36.076945,4.0
103.876427|36.032782,8.0
103.867286|36.045255,1.0
103.257318|36.740652,70.0
103.948639|36.470644,5.0
103.816726|36.056256,32.0
103.793567|36.06383,3.0
103.842851|36.057628,0.0
103.710266|36.105011,190.0
103.729387|36.055796,45.0
102.852664|36.348324,32.0
103.432967|36.268593,11.0
103.836315|36.066912,413.0
103.664875|36.119319,30.0
103.769246|36.132785,36.0
103.815529|36.079453,179.0
103.790388|36.40282,13.0
102.880427|36.338053,27.0
103.621321|36.109289,201.0
103.899559|36.046829,0.0
103.846583|36.05266,0.0
103.874466|36.029693,106.0
102.871963|36.349746,62.0
104.224329|35.896418,184.0
103.706938|36.70443,2.0
103.840667|36.081057,288.0
103.878142|36.044772,1.0
104.253992|36.235452,1.0
103.395434|36.456863,47.0
103.888834|36.069408,43.0
103.336005|36.148851,148.0
103.366801|36.603447,32.0
103.728866|36.084168,223.0
103.854329|36.073551,5.0
103.829978|36.04921,0.0
103.649055|36.084757,37.0
103.957867|36.03716,32.0
103.838718|36.034501,624.0
103.834099|36.049132,0.0
103.805798|36.088432,14.0
103.858191|36.043278,93.0
103.847125|36.059948,0.0
102.833744|36.587541,27.0
103.713109|36.055195,42.0
103.640613|36.092546,4.0
103.692934|36.485688,44.0
103.806815|36.049942,183.0
103.866248|36.048187,1.0
103.855257|36.060587,559.0
103.651514|36.251409,3.0
103.854328|36.048546,2.0
103.917093|36.045296,15.0
103.71357|36.054161,0.0
103.85378|36.070491,1.0
103.873016|36.071624,400.0
103.727804|36.109979,289.0
103.722798|36.085258,3.0
103.72502|36.075613,322.0
103.737337|36.103638,235.0
103.832992|36.061087,4.0
103.847122|36.048278,12.0
103.745153|36.101772,206.0
103.760227|36.637205,1.0
103.87597|35.945478,992.0
103.769203|36.073682,340.0
103.203563|36.177892,66.0
102.938367|36.783987,1.0
103.637947|36.085411,40.0
103.612278|36.10665,67.0
104.007271|35.963031,42.0
104.248495|36.154453,7.0
103.8999|36.062082,45.0
103.27005|36.741628,0.0
103.687733|36.118876,435.0
103.778136|36.070295,11.0
103.866518|36.057089,177.0
103.82262|36.059525,0.0
103.85287|36.048789,3.0
103.865398|36.036726,434.0
103.654161|36.660468,128.0
103.843519|36.050505,13.0
104.111556|35.854083,54.0
103.311366|36.683105,31.0
104.412354|36.022632,0.0
103.910051|36.033287,98.0
103.843426|36.057477,0.0
103.883587|36.041366,316.0
103.795234|36.054051,417.0
103.85287|36.037996,0.0
103.914014|36.046831,15.0
103.8521|36.205604,2.0
103.729146|36.071196,279.0
103.766726|36.068469,0.0
103.724651|36.102258,1552.0
103.403838|36.392269,5.0
103.716708|36.117742,39.0
103.838251|36.057466,0.0
103.837981|36.057467,0.0
103.847122|36.042997,1.0
103.909816|36.055141,203.0
103.830577|36.05001,0.0
103.850177|36.078279,14.0
103.829718|36.205645,6.0
103.850445|36.046306,50.0
103.723306|36.044255,5.0
104.149217|35.88541,89.0
103.604365|36.442253,39.0
103.845435|36.04411,6.0
103.839099|36.062596,414.0
103.666395|36.115057,67.0
102.875837|36.503993,25.0
103.467072|36.162342,129.0
103.221396|36.170937,48.0
102.847832|36.375741,4.0
103.866763|36.063292,326.0
103.611502|36.657784,5.0
103.85857|36.049269,0.0
103.615721|36.096,118.0
103.873348|36.045578,81.0
103.832313|36.058658,6.0
103.82078|36.057569,6.0
103.8167|36.058795,6.0
103.823282|36.047772,536.0
103.760866|36.076336,235.0
103.867167|36.069721,18.0
103.834368|36.04441,2.0
103.834239|36.079483,295.0
102.866537|36.412661,11.0
103.856276|36.076328,2.0
103.827337|36.108021,75.0
103.817744|36.056114,3.0
103.928774|36.108565,1.0
103.88076|36.068134,2.0
103.742539|36.05231,346.0
103.820518|36.054999,0.0
103.679368|36.471179,1.0
103.851475|36.071545,383.0
104.239259|36.2144,3.0
104.210647|35.938026,9.0
103.708141|36.108619,49.0
103.878392|36.044032,232.0
103.838879|36.058725,440.0
103.787167|36.075886,192.0
103.839358|36.055794,1.0
103.792519|36.058936,98.0
103.834368|36.04302,28.0
103.827163|36.038873,189.0
103.99925|35.969598,132.0
103.642068|36.122065,29.0
103.832493|36.055777,538.0
103.65177|36.113318,84.0
103.877883|36.061406,423.0
103.788005|36.057064,147.0
103.696274|36.000215,5.0
103.794957|36.056321,411.0
103.766463|36.053459,101.0
103.864601|36.062313,241.0
103.898209|36.03831,298.0
104.106493|36.019163,136.0
103.759815|36.064254,116.0
103.729228|36.109204,710.0
104.230859|35.799253,1.0
103.243187|36.742664,7.0
103.667013|36.301571,190.0
103.860288|36.063179,0.0
103.77484|36.08472,52.0
103.677463|36.4796,32.0
103.786946|36.054152,452.0
103.616153|36.126006,126.0
103.734073|36.098075,162.0
103.793906|36.057263,5.0
103.834579|36.073957,145.0
103.752486|36.095946,1.0
103.838734|36.058746,15.0
103.826456|36.072441,531.0
103.898159|36.044199,87.0
104.155758|35.933441,10.0
103.237637|36.770384,127.0
103.68598|36.302188,177.0
103.042966|36.238577,60.0
103.640142|36.092955,53.0
103.980021|36.258587,5.0
103.748364|36.096741,1.0
103.675098|36.503473,19.0
103.680345|36.127254,177.0
103.74726|36.010313,7.0
103.755505|36.064105,99.0
103.834878|36.070655,189.0
103.870061|36.026108,325.0
103.862684|36.059795,259.0
103.850735|36.059834,302.0
104.137783|35.854188,24.0
103.624824|36.106419,126.0
103.623261|36.089244,58.0
103.815797|36.053057,4.0
104.061783|35.797993,109.0
103.698841|36.110074,117.0
103.923218|36.354123,17.0
103.855985|36.054204,5.0
103.807805|36.099201,78.0
103.861055|36.032511,342.0
103.841413|36.038276,630.0
103.638365|36.470164,15.0
103.501716|36.149249,102.0
103.704813|36.088589,22.0
103.698654|36.09863,45.0
103.188543|36.876399,19.0
103.636244|36.096551,10.0
103.680918|36.10319,31.0
103.685672|36.099753,140.0
104.118173|35.844736,54.0
103.835566|36.049119,0.0
103.89724|36.04766,182.0
103.873588|36.061951,424.0
103.832154|36.06609,2.0
103.627378|36.09828,117.0
103.767913|36.075833,329.0
103.812275|36.066206,307.0
103.733713|36.102066,810.0
103.868555|36.060987,260.0
103.824656|36.18734,83.0
104.169637|35.861147,29.0
103.252825|36.174937,38.0
103.737174|36.051178,37.0
103.765292|36.434935,9.0
103.73085|36.114807,138.0
103.855278|36.079541,13.0
103.914185|36.052242,67.0
103.829389|36.051141,757.0
103.706327|36.094553,1.0
103.82883|36.044421,47.0
103.864221|36.036968,0.0
103.952003|36.318855,188.0
103.739919|36.10201,0.0
103.769242|36.06565,424.0
103.662215|36.08226,3.0
103.693917|36.500957,10.0
103.846144|36.04834,0.0
104.260395|36.346389,5.0
103.836791|35.991985,17.0
103.858103|35.793119,108.0
103.861776|36.063547,15.0
103.708872|36.093657,0.0
103.743882|36.09578,308.0
103.790911|36.064786,2.0
103.763574|36.048019,179.0
103.692581|36.078161,95.0
103.81507|36.135272,68.0
103.861546|36.070759,0.0
103.848569|36.041254,0.0
103.353036|36.617934,36.0
103.610113|36.505473,82.0
103.817983|36.056904,389.0
103.638725|36.465462,33.0
103.600779|36.103036,32.0
103.890403|36.052944,0.0
103.670735|36.477633,2.0
103.957001|35.994269,24.0
103.947663|36.33013,0.0
103.656386|36.205607,2.0
103.75108|36.081926,45.0
103.825105|36.052631,0.0
103.841633|36.040476,1.0
103.846464|36.056461,116.0
103.817505|36.062776,216.0
103.850097|36.061866,0.0
103.870395|36.037974,0.0
103.877982|36.042432,119.0
103.869746|36.057783,0.0
103.708487|36.009038,3.0
103.853249|36.049563,6.0
103.842002|36.050188,0.0
104.010714|36.159074,45.0
103.865699|36.062971,6.0
103.80777|36.245102,121.0
103.836115|36.053059,240.0
103.723962|36.090323,98.0
103.79688|36.0713,107.0
103.882468|36.040857,17.0
103.884636|36.040795,2.0
103.731424|36.1095,3.0
104.16587|35.797531,3.0
103.708716|36.591947,8.0
103.956098|35.970662,65.0
103.660278|36.490059,28.0
103.775588|36.063955,176.0
104.437588|36.254926,0.0
103.727213|36.059882,5.0
103.751055|36.079548,251.0
103.838809|36.051624,0.0
103.89348|36.029147,261.0
103.621038|36.102685,1.0
103.751212|36.067098,0.0
104.045795|35.939849,50.0
103.692003|36.096419,54.0
103.820237|36.015771,5.0
103.851004|36.047721,5.0
103.824959|36.057491,0.0
103.624693|36.087435,212.0
103.819939|36.196332,85.0
103.748762|36.047361,86.0
103.875346|36.051916,508.0
103.609617|36.143396,141.0
103.739751|36.103966,59.0
103.742251|36.102311,126.0
104.258056|35.84556,225.0
103.399554|36.746953,0.0
103.857223|36.049061,15.0
103.830497|36.05387,36.0
103.826804|36.048656,361.0
103.800576|36.054343,211.0
103.840825|36.057691,3.0
103.896573|36.111554,62.0
103.792898|36.065847,16.0
103.733391|36.053966,97.0
103.86441|36.038808,280.0
103.81666|36.055483,30.0
103.786128|36.070606,450.0
103.758025|36.048321,90.0
103.637926|36.072898,77.0
103.783591|36.070739,4.0
103.242292|36.165741,2.0
103.748847|36.051106,370.0
103.771531|36.06879,39.0
103.665297|36.105419,187.0
102.923742|36.706828,1.0
103.890592|36.057385,172.0
103.793645|36.072347,263.0
104.098245|36.018085,200.0
104.157387|35.966216,200.0
103.650304|36.639221,14.0
103.811737|36.091932,307.0
103.848982|36.053071,0.0
103.218376|36.833424,0.0
103.869035|36.045261,5.0
103.85946|36.069232,688.0
103.697364|36.106175,46.0
103.840196|36.04385,0.0
103.900566|36.113073,7.0
103.697246|36.092028,1.0
103.438293|36.240004,7.0
102.878308|36.343057,101.0
103.89817|36.058002,27.0
103.180426|36.887962,22.0
103.565857|36.112203,131.0
103.644483|36.136682,0.0
103.765943|36.05568,31.0
103.835757|36.075255,0.0
103.927171|36.098111,5.0
103.821895|36.059727,3.0
103.838989|36.055374,172.0
103.800156|36.043811,38.0
103.740027|36.052566,64.0
103.682339|36.093791,111.0
103.692117|36.096351,51.0
103.616783|36.109403,146.0
103.917056|36.043522,15.0
103.963222|36.008956,277.0
103.873467|36.041297,1.0
103.797471|36.06338,16.0
103.856105|36.042432,8.0
103.961576|36.003731,83.0
103.852024|36.307551,34.0
103.636442|36.494392,328.0
103.400051|36.493251,31.0
103.855445|36.034091,0.0
103.717033|36.092781,8.0
103.882437|36.038236,121.0
103.794236|36.073258,3.0
102.864648|36.407347,44.0
103.852491|36.030655,6.0
103.891222|36.049333,169.0
103.979466|35.981303,102.0
103.534355|36.123722,123.0
103.687743|36.118876,24.0
104.161052|35.831584,27.0
104.535343|36.235374,5.0
103.802157|36.061956,0.0
103.767062|36.029144,91.0
103.630949|36.133752,37.0
102.861389|36.488244,101.0
103.596868|36.115489,1.0
103.869093|36.039502,436.0
103.662552|36.599733,13.0
103.843908|36.045603,164.0
103.820458|36.05982,24.0
103.634471|36.10355,122.0
102.886572|36.500392,56.0
103.738126|36.071382,189.0
103.730583|36.052654,479.0
103.638578|36.083161,6.0
103.663039|36.557314,11.0
103.853639|36.035714,581.0
103.821027|36.056728,472.0
103.837702|36.053016,1.0
103.822668|36.046909,0.0
103.772941|36.07525,260.0
103.856794|36.054093,263.0
103.84821|36.059659,0.0
103.862394|36.053514,1.0
103.830218|36.054711,3.0
103.809032|36.031428,0.0
103.852563|36.050255,0.0
103.62466|36.098372,1.0
103.795285|36.063373,422.0
103.851702|36.036628,2.0
103.824051|36.058713,9.0
103.832736|36.050976,0.0
103.637928|36.104305,92.0
103.869423|36.045672,119.0
103.855582|36.035744,0.0
103.691978|36.205674,0.0
103.732046|36.205728,0.0
104.125207|35.828465,43.0
103.737976|36.071582,3.0
103.616581|36.136452,156.0
103.666076|36.534761,0.0
103.268331|36.72945,104.0
103.821346|36.051937,1.0
103.69981|36.48486,43.0
103.596258|36.289122,116.0
104.398852|36.204241,1.0
103.8861|36.03378,0.0
103.697178|36.091135,0.0
103.825827|36.049648,3.0
103.607984|36.108628,0.0
103.254183|36.724601,149.0
103.895037|36.505557,10.0
103.720874|36.0827,9.0
103.735854|36.077852,176.0
103.638028|36.097033,145.0
103.644412|36.089904,131.0
103.112043|36.837206,1.0
103.295964|36.673684,46.0
103.736884|36.058699,206.0
103.826615|36.045266,42.0
103.640601|36.497329,94.0
103.592851|36.194827,101.0
103.690971|36.113761,132.0
103.757256|36.09063,29.0
103.511446|36.148272,120.0
103.851562|36.205605,10.0
103.874582|36.044526,0.0
103.25313|36.205728,0.0
103.81926|36.055921,4.0
103.577294|36.709692,0.0
103.622891|36.101067,0.0
103.715826|36.093666,0.0
103.738194|36.271814,25.0
103.898449|36.034327,152.0
103.625199|36.090695,0.0
103.821651|36.16062,106.0
103.714292|36.10769,93.0
103.694099|36.104515,0.0
103.846492|36.030845,244.0
103.795215|36.059602,29.0
102.929173|36.707494,2.0
103.640483|36.094056,0.0
103.873688|36.062391,3.0
103.88312|36.098719,19.0
104.256297|36.245468,7.0
103.632366|36.076291,57.0
104.017735|36.034848,97.0
103.851774|36.046173,0.0
103.803403|36.097308,88.0
103.835928|35.896264,15.0
103.761164|36.040279,417.0
103.771569|36.014528,92.0
103.845466|36.059113,0.0
103.834029|36.050193,8.0
103.820392|36.058687,1.0
103.851393|36.037858,3.0
103.637926|36.061916,20.0
103.778356|36.072005,1.0
103.841304|36.042187,31.0
103.898267|36.038315,14.0
103.671721|36.111915,12.0
103.844418|36.052084,4.0
103.852661|36.034225,2.0
103.773839|36.059306,10.0
103.626116|36.100449,236.0
102.86646|36.421489,51.0
103.878493|36.064236,131.0
103.875147|36.083443,33.0
103.840226|36.039419,591.0
103.840407|36.066601,286.0
103.203941|36.853577,17.0
103.772251|36.085902,0.0
103.898729|36.038217,0.0
103.723367|36.054957,44.0
103.192424|36.82805,59.0
103.646583|36.148456,0.0
103.889835|36.05317,0.0
104.155594|35.984505,98.0
104.044589|36.03788,45.0
103.737968|36.099738,106.0
103.852432|36.287054,29.0
103.824102|36.083408,152.0
104.329358|36.325324,17.0
103.861815|36.059926,1.0
103.725493|36.108241,94.0
103.885626|36.06743,0.0
103.686125|36.66506,71.0
103.826874|36.053067,1027.0
103.836344|36.265247,45.0
103.624433|36.103879,278.0
103.824559|36.041118,240.0
103.691473|36.116293,237.0
103.851692|36.036628,13.0
103.772197|36.205729,0.0
103.872918|36.043518,107.0
103.839338|36.043641,455.0
103.856274|36.040211,0.0
103.720672|36.053334,23.0
103.815538|36.060589,11.0
103.749404|36.053882,4.0
103.906741|36.205554,3.0
103.592677|36.098896,86.0
103.605783|36.114959,110.0
103.869045|36.064617,118.0
103.689569|36.132283,3.0
103.835207|36.058582,0.0
103.713821|36.07654,101.0
103.744952|36.079587,153.0
103.96878|36.00724,0.0
103.602627|36.113551,155.0
103.705475|36.103414,145.0
103.70349|36.499883,11.0
103.770832|36.06807,11.0
103.753995|36.060524,34.0
103.872|36.064623,277.0
103.826753|36.436272,1.0
103.877364|36.068998,177.0
103.593207|36.098246,29.0
103.798714|36.065518,340.0
103.828848|36.205646,0.0
103.830078|36.055241,108.0
103.824051|36.054712,0.0
103.820049|36.048088,0.0
103.824958|36.056101,2.0
103.61415|36.123054,166.0
103.888643|36.047094,311.0
103.874846|36.03923,6.0
103.841234|36.050129,3.0
103.877633|36.054905,0.0
103.925857|36.0511,49.0
103.617563|36.094251,28.0
103.271674|36.691608,37.0
103.826578|36.053106,274.0
103.882578|36.062272,348.0
104.154012|35.946207,291.0
103.638447|36.296101,16.0
103.703871|36.089488,8.0
103.70361|36.072824,301.0
103.807292|36.221279,68.0
103.095235|36.893757,1.0
103.735114|36.097516,217.0
103.691613|36.115853,0.0
103.6941|36.104512,0.0
103.864072|36.043577,7.0
103.831526|36.205641,6.0
103.864321|36.053881,202.0
104.341659|36.144146,0.0
104.285707|35.74015,115.0
103.842132|36.057739,0.0
103.950439|36.321782,18.0
103.792789|36.065877,2.0
104.289803|35.79897,119.0
103.853411|36.295935,42.0
103.604271|36.110328,42.0
103.664001|36.543071,37.0
103.834099|36.043861,36.0
103.85406|36.069941,66.0
103.688171|36.479967,50.0
103.661484|36.109105,213.0
103.613799|36.099389,55.0
103.895068|36.053094,0.0
103.608727|36.449141,8.0
103.81923|36.050811,1179.0
103.863951|36.034088,520.0
103.966922|35.98594,69.0
103.819699|36.050189,0.0
103.402018|36.357322,11.0
103.786425|36.015224,27.0
103.84334|36.042944,3.0
104.234231|36.231107,0.0
103.709223|36.085996,38.0
103.873188|36.047138,2.0
103.769244|36.092506,45.0
103.627208|36.095159,224.0
103.627262|36.300383,51.0
103.86488|36.047419,10.0
103.839625|36.058055,15.0
103.593261|36.179133,91.0
103.807476|36.100982,20.0
103.656011|36.135819,0.0
103.771114|36.062856,212.0
103.776747|36.056993,120.0
103.736243|36.040645,374.0
103.596163|36.25374,80.0
103.625116|36.59695,3.0
103.254313|36.73805,70.0
103.844916|36.051893,2.0
103.841304|36.042457,9.0
103.841433|36.041387,3.0
103.728106|36.105972,54.0
103.783911|36.071719,6.0
103.812234|36.047692,28.0
103.857104|36.066595,1.0
104.101287|35.855715,19.0
103.756451|36.189532,0.0
103.721917|36.107957,186.0
103.683061|36.115447,353.0
103.783081|36.065608,3.0
103.697737|36.092529,408.0
103.616842|36.098831,283.0
103.269216|36.153452,3.0
103.321394|36.656227,24.0
103.802423|36.063712,392.0
103.674285|36.060419,3.0
103.791351|36.066149,172.0
103.78528|36.065233,8.0
102.873855|36.455043,22.0
103.834309|36.052853,1.0
103.909882|36.060972,0.0
104.110739|35.888252,66.0
103.763744|36.062072,154.0
102.917184|36.313799,11.0
103.425801|36.286122,18.0
103.622059|36.103256,297.0
103.852901|36.042237,7.0
103.852407|36.103832,71.0
103.60204|36.104096,12.0
103.81973|36.058951,1.0
103.724369|36.072612,180.0
103.850661|36.205606,89.0
103.67834|36.128261,4.0
103.909453|36.074095,25.0
103.5961|36.165219,0.0
103.770431|36.056358,232.0
103.697836|36.479974,52.0
103.8097|36.066,43.0
103.863253|36.048732,0.0
103.825729|36.048523,1.0
103.713803|36.105366,124.0
103.90371|36.057181,65.0
103.853729|36.043646,354.0
103.830213|36.173056,57.0
103.718752|36.108813,228.0
103.751306|36.087095,364.0
103.595292|36.172045,89.0
103.266277|36.725436,71.0
103.749475|36.097582,0.0
103.634796|36.092162,131.0
103.890412|36.045972,3.0
103.821347|36.059868,0.0
103.729942|36.110282,0.0
103.822836|36.116587,227.0
103.842161|36.032804,0.0
103.872828|36.035406,14.0
103.859489|36.055109,421.0
103.811198|36.092954,110.0
103.803051|36.050928,465.0
103.822214|36.17865,9.0
103.877985|36.097443,143.0
103.8816|36.068646,16.0
103.08469|36.231111,49.0
103.854897|36.047984,34.0
103.828831|36.058644,0.0
103.649289|36.455485,14.0
103.824958|36.043318,25.0
104.197982|35.898048,225.0
103.622049|36.097925,82.0
103.830261|36.137288,44.0
104.301748|35.774338,195.0
103.70804|36.094776,0.0
103.910402|36.038428,430.0
103.740327|36.103691,25.0
103.888873|36.041192,193.0
103.706905|36.112297,55.0
103.764294|36.050529,189.0
103.851883|36.063313,127.0
103.837277|36.051153,57.0
103.754164|36.055053,142.0
103.885845|36.055117,1.0
103.743359|36.04757,2.0
103.826905|36.062629,537.0
103.6334|36.129584,7.0
103.869994|36.076568,295.0
103.723479|36.103427,1533.0
103.724992|36.11021,669.0
103.965067|36.0035,132.0
103.800685|36.051282,49.0
103.72422|36.094266,111.0
103.848789|36.049105,0.0
103.850736|36.062404,0.0
103.823841|36.053883,0.0
103.522517|36.151806,75.0
103.825766|36.042687,355.0
103.873728|36.069482,250.0
103.848948|36.035852,373.0
103.820464|35.96669,1.0
103.790718|36.069207,107.0
103.89953|36.059502,1.0
103.790022|36.06366,232.0
103.868771|36.205578,2.0
103.971391|36.277468,7.0
103.9046|36.048289,3.0
103.917107|36.044092,342.0
103.822753|36.052794,803.0
103.825507|36.052219,21.0
103.811197|36.057726,245.0
103.90162|36.054381,241.0
103.859949|36.0655,247.0
103.673873|36.458331,13.0
103.850826|36.205606,0.0
103.872489|36.057361,283.0
103.728316|36.09409,0.0
103.918177|36.034051,439.0
103.700585|36.113998,17.0
103.92089|36.041244,400.0
103.776118|36.063935,5.0
103.819131|36.052501,69.0
103.818841|36.04395,12.0
103.825025|36.060798,63.0
103.582894|36.629852,3.0
103.727262|36.042428,0.0
103.828381|36.042572,0.0
103.598119|36.105485,0.0
103.762353|36.523972,14.0
104.19511|35.917335,55.0
103.653813|36.083506,19.0
103.820328|36.052219,3.0
102.869794|36.340685,18.0
103.847412|36.06106,5.0
103.902371|36.066583,119.0
103.821208|36.057469,0.0
102.889875|36.347109,0.0
102.94638|36.294999,142.0
103.966973|35.999794,139.0
103.89723|36.05088,256.0
103.830217|36.05081,12.0
103.659336|36.501923,86.0
103.737666|36.082205,0.0
103.870072|36.052393,65.0
103.941485|36.043659,53.0
103.166987|36.886106,24.0
103.832772|36.051025,570.0
103.779565|36.064342,215.0
